100
544785 865077 805627 484359 833094 473281 469710 301187 129154 823969 265327 677846 788476 237952 568285 972014 783471 161626 448255 248298 598345 607745 970915 497878 195898 379772 150028 906369 838007 735709 581499 77272 40681 647206 290017 616626 445570 311227 820154 984954 888149 69368 102603 23468 444837 392010 127170 60151 739829 82918 953703 1983 292764 361033 91921 320139 188787 975218 782067 333567 852229 8606 206640 698141 204626 528763 165654 506729 989562 739463 245490 906949 543717 791009 13306 642933 797418 904721 268379 426923 784295 968535 880825 547379 442243 258919 249855 619525 986663 446821 912442 884792 636982 542161 333140 965422 978301 934781 407452 480117 
1 18 76 42778
2 73 73 543717
1 15 25 94070
1 13 59 22550
2 87 100 249855
1 93 96 28389
2 35 45 984954
1 7 67 89352
1 36 57 43928
1 42 87 56743
1 78 100 107
2 67 96 268379
1 4 100 68581
1 34 80 28602
1 73 74 50642
2 92 93 884792
1 26 54 36458
1 17 67 38273
1 74 80 53902
1 47 74 50044
1 92 93 29890
1 38 100 67754
1 26 67 64202
1 26 95 62328
1 15 40 15797
1 6 54 49236
2 24 65 497878
1 18 76 93566
1 90 94 8152
1 53 57 27607
1 79 85 14759
2 64 82 268379
1 59 87 30510
2 97 97 978301
1 79 92 42747
2 25 56 735709
1 69 69 78487
2 5 51 60151
1 48 55 78225
2 39 49 984954
1 41 55 82278
2 54 88 249855
1 15 49 29603
1 89 91 73189
2 26 42 445570
1 97 98 52095
2 73 74 791009
2 62 94 989562
2 73 98 268379
1 22 45 7575
1 41 96 67830
1 12 39 11878
1 87 94 61489
1 14 31 95880
1 26 40 13105
1 22 26 52577
2 95 99 934781
1 21 55 757
2 89 94 986663
1 71 90 90087
1 5 63 90026
2 14 79 379772
2 4 85 833094
2 88 88 619525
2 74 98 884792
1 51 69 21247
1 22 45 86379
1 22 81 66921
1 64 71 42372
1 37 37 17844
2 34 65 392010
1 4 77 15553
1 7 86 52977
1 89 89 17994
1 31 33 43504
2 2 85 833094
1 71 79 59279
2 98 100 480117
1 70 91 64482
1 94 98 73610
1 18 21 74672
1 92 92 43068
1 34 57 5613
1 22 83 68514
1 67 99 34617
1 94 95 50548
1 96 97 74343
1 60 98 4230
1 59 66 59151
2 93 98 965422
2 79 80 268379
1 74 76 27113
1 17 54 15382
2 97 100 480117
1 22 29 15931
2 83 91 986663
2 10 18 783471
1 4 67 2140
2 40 55 292764
2 26 96 8606
