1000
96 13 67 95 39 62 33 22 6 90 9 36 74 63 5 69 33 1 52 97 30 36 90 48 76 55 47 71 69 28 18 64 75 45 11 77 70 25 55 47 51 31 51 84 84 93 92 17 89 26 53 77 51 5 66 69 39 1 83 71 42 29 20 33 18 63 3 70 63 50 6 46 7 84 8 4 34 21 78 5 42 99 54 80 78 4 78 69 6 39 29 78 54 52 55 63 75 43 3 92 18 33 54 73 2 84 85 89 64 80 45 11 92 47 42 0 51 2 14 5 39 4 40 45 43 19 81 14 96 88 93 81 19 48 41 46 35 96 56 49 1 48 23 5 42 48 33 47 66 71 79 59 7 53 4 41 27 62 65 74 37 91 55 88 37 37 29 87 7 72 52 77 26 77 51 97 34 43 4 48 70 94 84 84 46 1 2 80 47 50 51 99 24 68 64 44 30 84 53 79 91 55 69 82 7 22 14 22 42 23 62 42 64 92 90 64 95 21 73 32 95 31 32 78 52 94 57 35 8 18 58 38 28 45 64 86 96 84 7 20 47 45 39 23 36 64 95 16 0 40 89 43 19 20 75 29 16 65 29 24 68 39 39 48 61 35 20 31 65 3 38 91 32 16 0 26 26 11 85 22 3 15 47 79 51 46 93 74 53 6 76 59 29 18 96 21 41 41 81 4 42 22 92 7 83 5 31 75 94 44 84 28 89 22 74 50 78 8 76 95 67 93 83 68 93 3 13 73 15 66 55 8 6 97 99 32 54 35 87 74 88 48 94 48 9 28 90 54 5 47 94 10 98 97 32 63 50 52 83 16 72 11 11 33 54 89 1 34 75 23 45 75 39 51 1 60 53 26 80 34 24 78 62 69 89 47 38 72 78 58 9 62 4 60 13 78 74 34 86 13 35 73 47 46 68 48 28 11 80 63 51 18 15 90 73 86 22 90 66 71 71 60 8 87 35 24 83 27 38 39 17 33 37 16 64 39 47 15 16 40 17 16 11 78 42 11 62 76 11 39 54 52 14 0 74 67 29 39 43 16 69 21 2 23 48 5 56 87 4 34 48 93 29 12 92 42 24 12 77 83 13 90 61 55 6 94 46 47 53 66 72 93 13 71 65 45 71 83 20 72 82 22 16 9 84 8 91 82 99 37 47 55 80 66 11 5 73 3 41 29 77 53 15 54 36 18 3 28 84 55 39 23 83 78 29 96 53 47 95 54 25 4 43 67 75 15 89 72 21 91 53 91 39 39 38 47 87 70 95 33 61 76 30 89 89 36 70 94 46 66 25 62 47 70 13 30 92 74 6 78 47 65 57 35 48 25 11 68 38 70 61 50 18 31 35 96 73 40 35 39 37 25 91 27 28 70 17 53 29 71 70 93 31 38 69 67 51 62 58 30 80 39 2 73 73 28 60 26 95 39 96 35 7 39 36 51 86 74 32 9 23 25 82 3 77 97 53 89 30 99 2 23 91 68 29 25 45 62 37 69 62 93 74 86 8 85 93 19 91 30 5 38 46 13 41 42 36 71 50 71 35 72 59 92 65 94 98 61 89 53 92 35 76 65 32 61 92 26 28 32 0 95 64 48 6 67 35 28 86 95 48 48 55 72 5 30 55 56 78 71 2 18 83 83 19 27 42 58 51 51 32 72 57 61 86 8 14 78 21 92 17 10 5 52 50 20 49 76 97 3 47 42 44 89 93 53 96 61 61 10 40 39 25 5 58 31 54 20 52 26 78 82 14 36 35 15 12 87 22 17 47 58 64 26 83 62 35 32 31 85 84 86 92 95 88 9 19 14 97 57 2 52 82 30 41 60 89 69 73 73 88 63 80 18 30 75 86 51 80 94 0 27 87 12 39 79 31 18 43 61 57 84 21 84 69 48 53 15 0 78 0 68 3 65 61 19 91 41 62 99 64 26 66 56 59 22 17 42 93 75 19 97 20 3 32 9 76 64 56 72 43 38 98 86 20 26 70 40 74 40 52 72 83 64 15 47 63 74 97 92 71 40 91 17 17 12 29 4 58 22 76 44 6 77 7 63 19 0 79 66 48 20 66 90 62 61 13 81 11 66 89 63 59 25 51 30 57 78 42 68 8 82 94 50 21 55 3 60 6 86 40 20 59 30 20 3 20 47 85 18 92 89 3 44 48 86 51 80 59 29 37 30 5 52 74 51 1 64 34 65 19 68 97 39 37 16 0 76 38 75 7 53 37 71 88 50 87 67 90 54 23 28 52 2 97 56 4 14 33 33 
0 214 820 20
0 77 831 95
0 397 747 55
0 534 764 68
1 473 991 330
0 814 838 40
1 385 684 225
0 336 579 48
0 205 461 18
1 773 812 203
0 192 433 80
0 202 606 58
0 959 969 53
1 296 703 324
1 795 841 109
0 725 941 38
0 62 106 34
1 629 718 300
0 748 948 47
1 229 937 214
1 184 798 273
1 563 764 288
1 781 990 176
1 366 730 274
1 22 486 146
0 42 107 14
1 447 566 341
0 771 888 28
0 885 933 69
0 782 898 61
1 728 934 246
0 676 905 20
0 355 385 10
0 931 938 27
0 684 869 72
1 526 749 422
0 863 885 62
0 654 983 70
0 59 649 25
0 614 836 51
0 367 432 84
0 774 827 39
1 898 985 138
0 705 818 56
0 930 984 50
1 405 578 330
0 215 575 55
1 662 989 366
1 390 936 438
0 559 874 93
0 557 950 47
0 68 299 11
0 936 997 48
1 789 897 821
0 681 700 43
1 838 852 544
1 785 909 518
0 806 848 13
1 156 517 442
1 883 937 297
1 763 848 508
1 106 112 211
0 974 977 1
1 693 859 649
1 952 962 254
0 578 928 96
0 221 331 41
0 977 995 21
1 321 623 374
0 167 626 35
0 639 753 68
1 304 541 606
0 322 858 94
0 457 481 24
0 313 726 52
0 693 876 20
0 547 842 58
0 329 557 59
0 249 336 12
1 280 926 676
1 343 447 849
0 563 889 52
1 27 304 532
0 902 936 72
0 423 602 95
0 477 984 92
0 407 979 29
0 762 772 9
0 509 561 76
0 545 656 15
0 974 988 11
1 21 153 202
1 947 981 369
0 29 465 56
1 754 803 1152
0 429 433 28
0 343 556 16
0 585 685 24
0 824 956 8
0 971 981 88
0 166 859 56
1 921 935 514
0 959 961 7
0 480 699 27
0 394 639 42
0 397 912 73
0 255 279 28
1 244 936 866
1 137 897 1427
1 644 996 879
1 727 921 1381
1 651 768 1266
0 248 886 28
1 221 690 868
0 975 987 66
0 821 821 38
0 958 989 24
0 203 280 47
0 783 825 33
0 215 370 93
0 514 544 78
0 829 898 40
1 743 786 1323
0 252 468 77
0 769 844 75
0 134 244 36
0 892 942 40
0 957 993 18
0 843 899 24
0 535 818 31
0 334 966 16
1 586 930 1459
0 726 820 23
1 508 566 1419
0 850 910 87
0 224 681 40
0 911 995 23
0 173 950 6
0 553 851 56
1 428 485 1188
1 26 504 1222
1 930 965 422
0 483 882 68
1 859 866 1209
1 429 989 1675
1 109 596 1014
0 248 286 75
0 897 995 75
1 879 920 915
0 540 612 86
0 642 735 2
0 269 501 53
0 133 538 62
0 242 984 10
1 285 803 948
0 658 894 47
0 557 725 16
0 994 995 32
1 223 571 1212
0 366 919 27
1 788 861 1552
0 8 205 37
0 570 672 12
1 894 997 510
0 338 338 62
0 497 808 38
0 139 854 55
1 608 844 1662
0 210 579 33
0 362 721 42
0 43 70 84
0 331 943 1
0 539 767 4
0 768 806 10
1 340 872 1716
1 980 995 671
0 221 670 77
0 801 968 21
0 658 812 44
1 213 994 1902
0 512 547 2
1 76 462 598
1 809 938 880
0 8 178 59
1 686 791 1923
0 356 499 43
0 425 864 37
0 325 402 78
1 635 940 1996
0 202 403 62
1 565 852 1985
0 722 946 24
0 507 655 25
1 572 689 1784
0 366 450 40
1 977 989 299
1 323 871 1960
1 469 976 1920
0 644 953 56
1 715 782 1866
1 606 978 1530
1 543 994 2057
0 540 827 57
0 29 158 27
0 16 912 9
0 732 791 91
1 129 416 585
1 98 428 1159
0 942 978 64
0 884 972 75
0 45 255 19
0 835 977 52
0 185 973 43
1 380 469 1687
0 119 971 14
0 503 762 80
1 510 843 2214
1 748 848 2174
0 990 997 86
1 322 536 1789
1 337 811 2166
0 320 476 49
0 752 906 18
0 114 502 79
1 324 486 1733
1 814 833 2108
1 545 614 2310
1 914 949 1102
0 13 797 43
0 4 392 84
1 207 236 1289
0 624 717 26
1 437 670 1858
1 297 639 1765
1 882 996 1241
1 594 801 2239
1 770 942 2209
0 404 963 39
0 672 952 90
0 280 639 82
0 931 945 20
0 932 970 30
0 227 900 44
0 852 902 31
1 222 256 1492
1 37 616 744
1 389 780 2450
1 839 861 1827
0 926 964 55
1 8 783 2379
1 816 879 1558
1 728 745 2373
1 982 982 561
1 931 965 1191
1 613 940 1326
0 608 811 64
0 567 643 9
1 315 966 2353
0 936 987 78
0 783 834 49
1 727 990 1216
0 672 733 82
0 644 944 34
0 412 652 4
0 29 887 90
0 200 454 80
1 896 957 1405
0 115 841 97
1 145 177 1014
1 357 735 2550
1 803 980 2036
0 609 988 83
1 514 647 2671
0 526 775 5
1 40 923 2650
0 343 469 64
1 949 964 1259
0 616 638 3
0 453 569 26
0 98 803 54
0 272 908 17
0 696 887 34
1 726 976 2743
1 627 674 2737
1 909 979 1075
1 619 750 2981
0 972 994 44
0 293 874 48
0 566 621 20
0 643 672 56
0 375 768 77
1 660 934 1403
0 805 871 60
0 64 641 57
0 790 959 4
0 156 561 73
0 702 812 69
0 824 955 37
1 411 412 2741
0 659 940 82
0 456 879 34
0 173 533 13
0 353 994 60
0 168 622 18
1 17 864 1080
1 240 924 2866
0 305 918 30
0 378 489 22
1 706 940 3292
1 704 932 2316
0 142 315 96
1 347 492 2956
0 863 965 37
1 407 533 2850
0 550 565 87
0 97 337 19
0 443 450 46
0 954 954 48
0 665 714 25
0 243 328 2
0 649 686 38
1 384 855 3222
0 678 716 91
0 624 961 57
0 571 972 95
0 744 984 28
1 475 711 3543
0 929 945 6
1 794 977 2119
0 758 769 98
0 252 780 94
0 316 516 95
1 40 993 3265
0 425 852 80
0 145 684 46
1 29 991 3333
0 761 996 48
0 650 984 96
1 852 892 2421
0 42 106 74
0 813 907 74
0 877 879 50
1 278 365 2456
1 668 741 3840
0 41 207 10
0 707 938 88
0 116 300 57
0 208 406 10
1 905 972 1456
0 523 894 61
0 513 637 79
1 533 604 3499
1 147 261 1800
0 115 347 88
1 682 933 3152
0 753 821 95
0 353 849 76
1 304 601 3025
1 522 655 3605
1 819 895 2866
1 632 803 3974
0 575 778 87
0 247 418 67
1 156 986 1813
0 219 763 60
1 696 932 1968
0 7 342 29
0 271 323 73
0 89 698 30
1 342 975 4152
1 517 812 4098
1 406 775 4124
1 600 784 4168
0 713 731 55
1 690 840 3674
1 147 615 3763
1 123 255 1485
1 185 706 3233
0 248 966 70
0 45 850 82
0 633 971 89
1 893 988 2086
0 347 797 51
0 247 783 99
1 380 517 3541
1 409 906 4521
0 214 349 42
1 129 741 4111
1 476 919 2281
0 313 546 43
0 760 954 73
1 899 981 2217
1 542 589 3936
0 851 896 22
0 225 288 57
0 257 754 84
0 323 935 22
1 565 916 3831
1 763 911 3692
1 969 985 1131
1 316 943 4546
0 884 905 12
1 123 483 1875
0 554 827 45
0 395 802 16
0 789 823 8
0 214 855 6
0 848 994 89
1 439 831 4278
0 409 418 87
0 775 952 71
1 679 938 4587
1 946 980 1654
1 653 879 3862
0 988 998 85
0 458 758 84
1 682 804 4617
0 847 963 85
0 98 790 70
0 819 989 94
0 273 414 54
0 351 963 27
0 24 576 68
1 252 402 3958
0 849 972 93
0 172 833 23
1 15 784 835
1 697 731 4983
1 680 882 4787
0 607 645 48
0 255 268 59
0 215 370 11
1 773 943 4475
0 864 983 92
0 492 585 5
0 563 913 5
0 524 600 88
0 684 869 28
1 667 874 3755
1 861 894 3279
0 321 890 1
0 959 966 67
1 532 642 4394
0 199 936 58
0 185 906 81
1 375 560 4363
0 280 710 29
0 249 584 20
0 383 779 82
1 15 316 3564
0 164 246 93
0 913 979 95
1 70 835 4216
1 993 996 323
0 132 180 58
0 944 961 63
1 886 957 2885
1 107 303 1323
0 441 912 65
0 561 596 27
0 621 960 20
0 402 946 26
0 298 313 99
0 74 791 72
0 794 832 25
0 856 902 15
0 460 702 55
0 511 978 40
0 319 956 90
1 974 989 1470
1 883 932 3106
1 263 369 4155
0 97 621 39
0 422 666 93
0 342 867 23
1 673 978 5462
0 661 888 58
0 636 671 93
0 38 137 26
1 692 739 5599
0 804 805 63
0 477 854 11
0 241 755 57
1 487 973 5475
1 193 798 5192
0 825 876 49
0 912 981 88
1 71 944 5292
0 979 990 94
1 236 872 3787
0 338 858 74
1 918 945 3209
0 472 848 46
1 526 769 5253
1 722 765 5787
1 623 642 5409
0 704 773 58
0 440 876 99
1 851 958 4305
0 476 917 21
0 106 121 16
0 245 606 54
0 693 918 64
0 127 503 7
0 92 948 7
0 367 989 88
0 35 997 63
0 188 694 9
0 714 720 83
0 21 334 97
1 92 996 4005
0 870 926 26
0 284 639 23
1 818 869 4878
1 156 176 2047
0 614 705 51
0 968 998 92
0 423 751 29
0 206 448 5
1 692 948 5448
0 460 790 14
1 141 921 4874
1 529 586 5947
1 854 947 3456
1 560 602 5874
0 559 635 89
0 363 959 53
1 946 987 2670
0 829 984 18
0 191 604 67
1 498 758 5865
1 536 640 6013
0 211 541 61
0 66 509 1
0 919 924 40
0 530 940 57
1 633 977 6073
0 374 461 70
1 433 631 6285
0 812 952 51
0 670 980 51
1 100 308 3382
0 271 849 63
0 860 870 36
0 142 248 55
1 620 715 6025
1 735 906 4306
0 377 628 47
0 733 881 46
1 362 745 5999
1 824 841 5378
0 896 975 80
0 650 932 5
1 395 823 5256
0 843 900 31
0 445 876 56
1 217 265 3425
0 82 222 15
0 43 885 58
1 127 787 6289
1 501 623 6278
1 685 931 6328
1 226 500 5479
0 768 968 5
0 960 966 21
1 17 860 5715
1 396 967 6164
0 556 661 97
0 57 613 14
0 25 174 60
1 371 602 6472
0 633 661 97
1 855 920 4214
0 453 506 4
1 404 410 5537
0 742 951 78
1 704 971 5132
0 457 942 67
0 812 825 47
1 848 880 5437
1 808 897 6040
0 220 729 25
0 608 876 73
0 762 881 42
1 881 900 4410
1 579 789 6880
0 115 150 68
0 763 879 19
0 762 910 80
0 663 905 29
1 587 793 6770
1 231 783 6788
0 47 272 96
0 507 933 31
1 857 962 4316
0 255 656 48
0 692 768 90
0 672 964 61
1 942 992 900
1 282 487 5884
1 678 969 6322
0 887 919 78
1 674 859 6142
0 723 826 19
0 601 829 97
0 661 722 45
1 321 431 5461
0 591 769 23
1 309 903 5712
0 905 950 93
1 215 849 5452
1 117 502 3184
1 526 877 6407
1 575 995 4061
0 382 747 17
0 368 877 98
0 484 841 87
0 274 673 67
0 163 708 39
0 893 952 42
1 535 907 7236
0 889 904 54
0 828 881 50
0 342 631 37
0 787 979 6
0 232 248 68
1 233 389 4245
1 70 73 1377
0 726 919 65
0 620 942 17
0 398 629 67
1 780 952 6544
1 835 983 2990
0 553 917 45
1 175 564 6095
0 165 504 85
1 234 474 5744
0 303 827 8
1 844 962 6226
1 487 845 7154
0 277 277 51
1 548 670 7222
1 763 850 6506
0 249 875 48
0 213 521 60
0 11 882 40
0 968 978 28
0 784 879 21
1 780 870 6211
0 55 170 4
1 815 947 4171
0 911 977 94
0 855 942 67
0 341 787 9
0 596 932 29
1 538 854 6576
0 64 316 23
1 435 725 7363
1 171 377 3718
0 290 308 86
0 395 726 41
1 434 994 5014
1 580 989 7608
0 140 571 59
0 855 941 30
1 593 998 4346
0 693 873 20
0 33 940 67
1 80 716 6519
0 950 953 10
0 808 872 76
1 506 689 6713
1 934 956 3935
0 957 979 75
1 297 492 5543
0 327 443 55
0 195 541 34
1 97 629 3050
1 207 527 5970
1 100 263 4022
0 107 409 4
0 497 739 69
0 906 976 62
0 895 980 48
0 61 120 96
1 587 834 7454
0 714 879 55
1 897 919 4925
0 194 470 43
0 696 881 55
0 499 697 21
1 992 994 780
1 25 794 2067
1 689 869 7000
0 324 440 24
0 427 542 61
0 68 76 77
1 586 628 7463
1 67 472 5096
0 402 842 35
1 466 851 7810
0 194 527 72
1 44 414 1898
0 726 785 76
0 618 961 65
1 718 868 7017
0 633 648 53
1 431 556 6772
1 797 974 7252
0 416 638 37
1 911 941 4591
0 383 866 42
0 779 886 88
1 185 914 7382
0 267 481 5
0 924 964 73
1 466 559 6865
1 214 350 5384
0 18 84 75
1 501 909 7306
0 508 577 61
1 597 830 8027
1 54 204 2106
1 267 860 6643
1 937 964 3301
1 965 995 2657
0 454 719 99
0 724 902 5
0 790 820 23
0 113 461 42
0 117 581 41
1 357 720 7794
0 723 839 3
1 596 610 7673
0 367 643 78
0 231 233 34
0 650 891 43
1 405 724 7408
0 606 678 74
1 636 904 5060
1 359 837 8044
1 546 781 7739
0 920 972 13
1 715 720 8231
0 140 887 18
0 690 884 69
1 713 949 6653
1 80 695 5456
0 409 978 3
0 791 928 56
0 324 870 34
0 423 559 11
0 338 788 72
1 711 908 7382
1 652 671 8263
0 180 264 83
1 473 752 7780
0 844 871 42
0 798 885 1
0 117 655 59
1 364 383 6472
1 744 778 8254
0 669 794 10
0 970 975 10
0 184 841 42
0 745 797 61
1 614 998 804
0 93 540 46
1 361 828 7997
1 594 922 6864
0 47 250 44
1 28 510 6787
1 200 243 4657
0 68 323 78
1 65 878 7107
1 181 711 7652
0 506 755 86
1 596 977 8347
0 87 887 79
1 429 988 7942
0 215 565 70
1 904 935 4936
0 468 639 77
0 741 803 1
0 11 975 72
1 620 692 8535
0 135 652 73
0 809 812 47
0 949 952 56
0 900 970 52
0 191 622 72
1 670 950 4607
0 110 709 84
0 70 624 22
1 561 784 8504
1 330 585 7856
0 170 907 86
0 220 366 28
0 612 840 26
1 389 666 8821
1 77 112 2045
0 864 947 36
0 771 919 7
1 670 755 8591
0 647 933 19
1 552 958 8850
1 161 569 7683
0 846 913 72
0 212 535 90
1 479 539 8189
0 205 970 2
0 61 285 77
1 212 712 7778
0 133 516 45
0 279 366 50
0 537 815 51
0 847 853 56
1 898 934 5152
0 319 527 63
0 243 483 60
0 703 720 64
0 713 931 72
0 451 614 59
0 472 544 83
1 355 415 7915
0 654 667 8
0 614 780 90
0 502 948 72
0 11 691 32
0 591 693 37
1 192 779 5399
0 202 722 14
0 125 669 4
0 796 841 15
1 621 623 9182
1 654 926 5349
0 38 81 15
0 584 869 26
0 45 71 29
0 800 832 63
0 581 831 25
1 915 948 4956
0 897 958 74
1 48 245 5386
1 725 875 8976
0 49 304 7
1 580 883 6574
1 884 893 5917
1 189 918 6719
1 132 540 7101
0 40 704 65
0 548 895 93
1 60 556 6409
0 858 941 26
0 413 555 8
0 597 691 94
1 432 605 9086
0 90 756 84
0 659 884 93
1 571 789 9496
0 35 246 73
0 443 808 8
0 177 936 83
1 605 941 9530
0 831 915 17
0 966 995 39
0 419 884 96
0 57 864 77
0 686 924 79
1 738 967 7926
0 539 542 75
0 120 626 12
0 943 947 85
0 488 523 13
1 3 307 3161
1 467 814 9309
0 93 274 73
0 231 287 41
1 206 716 9214
0 866 925 11
0 353 714 57
0 885 973 74
0 121 362 24
0 808 835 17
1 341 664 9474
1 917 954 5319
1 899 987 3577
1 126 917 5992
0 665 773 36
1 939 995 2132
0 523 864 64
0 614 991 84
0 567 781 7
0 352 788 60
1 396 815 8265
0 682 942 42
0 534 857 53
1 954 994 3113
0 989 994 14
1 945 957 4361
0 930 997 10
0 596 897 42
1 478 968 10041
1 872 929 5458
0 632 958 66
1 768 856 9213
0 335 727 52
0 402 605 52
0 628 853 26
0 259 348 68
0 974 983 99
1 559 760 10194
1 669 681 10096
1 748 884 9742
0 391 735 85
0 105 282 1
1 878 994 6741
1 469 809 9324
1 746 933 7306
0 132 931 65
1 387 488 8988
0 794 984 91
0 37 145 49
0 709 731 23
0 939 971 27
0 893 953 16
1 677 857 10615
0 509 667 78
0 552 647 7
1 340 668 7603
1 171 805 5097
0 412 798 37
0 102 737 2
1 731 880 10271
1 687 795 10480
1 152 615 8969
0 967 967 64
0 342 744 81
1 728 991 8432
0 924 926 43
0 671 927 62
1 709 905 10472
1 726 862 9682
1 43 891 9453
0 471 655 38
0 297 326 9
1 679 706 10717
1 507 852 10449
1 10 960 10741
0 89 452 81
0 776 848 74
0 693 706 64
0 919 986 55
0 230 971 62
0 24 377 92
0 933 970 9
0 485 665 30
0 651 861 95
0 850 854 53
0 164 266 91
1 219 276 7150
0 693 986 90
0 777 991 19
0 525 963 56
1 517 985 10664
0 726 883 89
1 993 997 488
1 26 643 2048
0 286 645 74
1 778 782 10411
0 16 968 75
0 124 565 67
1 546 883 10017
1 167 173 4702
1 284 618 9397
0 387 692 55
1 84 552 9136
0 107 584 66
0 815 878 96
1 103 481 6235
1 50 521 10416
0 352 996 65
0 818 845 21
1 892 896 6762
0 598 750 7
1 816 872 10159
1 312 986 10548
0 370 499 14
0 523 981 10
1 201 238 5563
1 745 903 8922
0 720 995 51
0 854 896 47
0 600 819 2
0 648 881 96
1 368 866 11008
0 512 893 47
0 159 216 88
1 232 714 7319
0 570 775 87
