1000
48 36 44 52 50 26 42 97 80 30 37 42 55 9 48 84 72 38 2 48 12 41 73 86 92 18 76 69 35 37 74 39 80 11 23 45 84 12 86 46 87 54 0 80 18 64 92 20 77 72 71 72 50 18 94 10 58 23 66 62 18 93 87 62 45 3 88 90 72 95 42 47 82 22 30 32 65 19 4 6 92 72 74 51 98 41 82 66 31 55 63 61 42 96 89 21 95 76 98 65 6 99 27 32 59 28 96 44 43 58 97 39 83 88 14 93 88 74 60 42 75 45 0 94 77 56 11 81 82 65 70 44 90 2 40 77 20 73 94 62 18 48 18 57 56 73 56 3 64 41 24 70 86 31 64 83 13 35 89 92 90 12 11 62 44 35 11 35 59 25 39 89 33 14 92 18 73 51 83 79 90 45 48 59 96 79 36 82 17 82 36 77 3 23 22 48 4 13 84 5 6 23 76 58 15 96 18 82 36 17 76 84 42 15 77 32 97 98 55 38 9 1 36 9 1 79 91 60 90 5 76 31 88 77 68 96 10 58 33 59 44 1 66 3 80 63 98 86 18 64 46 24 89 12 48 98 69 60 29 84 34 35 43 33 96 29 7 91 41 48 53 71 93 37 14 54 12 89 5 31 17 92 97 43 41 91 5 6 17 85 9 68 88 47 48 48 28 96 7 28 16 33 93 13 78 26 35 16 31 45 62 93 87 64 15 27 65 33 14 5 58 8 58 19 49 0 64 83 3 62 38 17 27 71 18 66 29 8 34 93 7 2 82 36 85 98 69 0 73 19 56 9 37 55 93 9 31 12 2 63 81 82 28 33 10 0 27 81 41 94 43 22 29 54 45 38 33 19 78 51 97 49 19 12 64 19 57 2 99 17 47 23 50 46 30 41 22 49 61 26 38 62 49 30 38 79 74 25 89 19 95 27 49 47 98 54 49 64 83 59 30 4 27 39 98 16 56 7 65 65 71 77 80 62 29 9 84 74 98 97 71 26 55 73 58 85 97 49 66 57 95 67 86 81 9 3 13 53 69 86 60 50 14 59 59 11 86 76 5 59 56 32 33 39 87 59 66 90 26 95 89 4 40 74 45 44 65 84 47 61 62 98 8 90 17 71 64 65 13 46 52 37 93 56 62 28 46 19 66 43 66 96 57 75 54 61 30 4 12 29 85 8 82 24 91 58 21 94 17 84 25 27 56 33 92 4 73 95 73 81 35 44 80 70 9 15 3 31 84 66 6 95 45 34 70 71 11 82 70 46 71 59 99 88 35 92 14 57 20 17 72 67 95 81 62 15 83 4 36 84 65 14 42 84 8 82 53 43 14 42 15 1 83 91 31 28 20 44 59 6 82 38 98 27 52 58 20 2 14 90 32 84 44 24 25 46 91 65 52 5 66 70 17 3 35 49 76 71 59 37 34 23 75 5 68 9 29 34 35 52 70 60 57 20 77 56 31 41 8 31 79 84 46 85 75 10 49 98 47 73 80 45 20 89 79 36 53 83 29 59 59 60 87 4 35 43 32 21 78 35 5 68 1 32 49 60 98 24 39 85 47 15 95 22 4 94 74 85 18 87 6 27 19 70 65 80 83 34 65 57 93 14 60 96 42 1 85 55 65 29 55 17 37 8 32 46 51 80 36 9 51 16 95 27 51 66 1 49 5 0 44 46 74 38 19 74 20 32 17 14 1 79 12 41 68 25 99 79 96 95 46 68 95 63 48 31 33 49 93 43 32 77 17 29 62 77 25 31 40 1 17 69 34 48 57 42 81 96 56 70 48 66 10 25 18 79 29 62 10 26 6 65 16 61 21 98 4 49 18 31 33 70 45 39 99 15 4 4 75 52 12 22 94 97 37 14 13 80 90 65 77 85 0 85 3 13 2 32 21 13 42 10 21 5 73 30 9 77 64 19 7 82 53 25 91 40 4 69 32 38 27 9 28 27 72 45 95 52 57 65 40 46 37 72 48 93 57 64 47 69 81 79 57 36 20 53 71 24 13 99 78 62 20 40 3 59 80 54 48 26 35 47 34 27 7 56 83 86 1 54 6 75 99 79 28 93 34 67 73 88 6 44 52 47 65 30 47 73 86 96 47 12 30 51 42 88 24 76 54 97 62 95 17 55 58 85 17 61 65 51 78 84 17 84 41 22 75 5 80 66 13 18 99 81 20 1 17 69 60 10 8 33 38 41 21 50 34 99 75 9 31 5 73 73 20 34 58 5 76 8 61 53 84 78 33 33 99 40 83 55 
1 5 835 82
0 910 917 35
0 173 485 75
1 79 819 10
1 954 993 10
1 564 792 52
1 309 632 173
0 348 420 46
1 95 214 32
0 144 848 35
0 165 617 61
1 791 825 96
1 44 974 236
0 273 909 37
1 247 512 305
1 312 346 273
0 225 558 38
0 654 779 1
1 918 925 88
0 936 964 40
0 972 992 47
0 191 491 65
0 527 533 41
0 963 972 5
1 671 717 133
0 98 119 60
1 512 544 252
1 73 288 219
0 859 886 20
0 42 135 17
0 549 778 1
1 443 768 154
0 375 819 86
0 263 745 82
0 663 846 39
0 901 962 65
0 465 579 91
1 698 899 245
0 364 957 88
0 38 424 59
0 921 968 79
1 111 683 530
1 755 909 209
1 306 500 469
0 209 848 92
0 202 394 89
0 679 810 95
0 192 691 90
0 566 715 86
1 749 975 153
1 824 906 173
0 304 554 70
0 167 171 40
0 733 863 11
0 862 874 99
1 513 840 572
0 211 567 70
0 451 935 30
0 567 663 48
1 79 604 890
0 73 862 44
0 645 868 57
1 935 944 334
0 760 888 29
1 412 704 821
1 636 839 862
0 331 394 16
0 965 970 3
1 313 610 926
1 438 666 960
1 578 925 674
0 852 956 45
0 392 441 82
0 886 935 7
1 122 398 816
0 466 925 28
0 933 990 11
1 768 788 705
0 123 428 41
1 858 889 485
0 23 837 90
0 938 972 35
0 600 659 93
1 227 231 939
1 641 745 1005
0 454 720 70
0 556 556 35
0 14 647 45
0 829 899 39
0 686 845 49
1 91 896 876
0 54 443 73
0 787 975 81
1 463 966 1086
0 530 574 79
0 690 709 82
0 8 525 45
0 179 484 41
1 561 936 829
1 906 946 506
0 390 920 78
0 921 945 57
1 346 978 377
0 442 503 80
0 389 921 17
1 616 918 957
0 647 793 20
1 913 997 324
1 117 531 1380
0 121 122 18
0 960 998 2
0 958 996 17
0 477 594 52
1 367 951 1226
1 635 981 514
1 347 649 1139
0 294 970 65
1 490 970 974
0 992 996 97
1 102 322 436
0 426 635 40
0 942 969 43
0 469 936 54
1 634 938 1288
0 902 964 33
1 631 851 1367
1 715 760 1018
0 870 901 18
0 48 154 61
0 27 679 6
0 747 912 14
0 369 736 93
0 587 937 19
1 296 971 1632
1 56 238 539
1 442 823 1516
0 803 864 84
0 438 589 27
1 727 934 1063
1 293 805 1453
1 638 981 1111
1 392 728 1704
0 591 665 30
1 133 872 1290
1 823 972 670
1 171 634 1693
0 322 801 21
1 306 867 1784
1 12 343 100
1 981 988 150
0 570 851 41
0 421 745 38
0 883 955 75
1 364 595 1728
0 99 133 2
0 466 954 10
0 308 608 99
0 293 426 60
1 886 905 804
1 941 950 822
0 424 767 37
0 320 344 28
0 282 517 39
0 985 994 99
0 795 938 25
1 694 979 1607
0 97 391 21
0 492 751 7
1 530 871 1233
0 491 723 71
0 751 796 77
0 239 366 68
0 396 779 52
1 724 813 1319
1 402 841 1512
1 16 51 266
1 952 953 687
0 490 514 70
0 51 285 49
1 743 775 1356
0 682 919 53
1 76 573 581
1 674 691 1628
0 612 870 8
0 102 577 47
0 88 770 64
1 365 481 2110
0 189 785 75
1 888 954 782
0 585 703 43
1 434 982 1513
0 547 943 42
0 31 325 73
1 203 236 1427
0 550 861 83
0 407 841 81
0 905 976 98
0 263 862 69
0 857 884 18
0 237 745 51
0 457 699 28
0 915 993 9
0 112 564 66
1 395 627 2395
0 278 894 34
1 264 921 2043
0 781 886 91
1 251 675 2167
0 757 779 96
1 469 981 2483
1 209 522 1826
1 304 643 2290
1 205 623 1943
0 900 982 84
1 695 878 1592
1 318 755 2072
1 959 975 601
0 252 410 45
1 661 710 2257
1 439 647 2414
1 543 750 2012
0 651 815 79
1 745 840 1889
0 325 653 82
1 752 890 1260
0 810 861 56
0 944 976 98
0 266 924 16
0 808 873 41
0 139 287 72
0 735 901 72
1 313 470 2610
0 475 894 7
0 855 894 64
1 195 650 2805
0 402 675 59
1 176 945 1809
1 146 861 1959
0 127 345 28
1 478 751 2717
1 127 453 946
0 248 922 91
0 191 985 92
0 622 989 52
0 462 998 15
0 609 960 14
0 30 158 63
0 177 640 76
0 359 721 5
1 3 329 266
1 380 846 3111
0 859 985 82
0 158 442 13
1 631 748 2366
0 217 384 21
1 913 918 1493
1 486 843 2881
1 293 502 2529
0 860 974 37
0 207 385 79
0 396 869 55
0 462 778 36
1 120 525 2328
0 363 540 82
1 475 535 3327
0 451 485 64
1 393 503 3141
1 897 944 1383
0 974 979 9
1 509 869 2624
0 817 975 38
0 341 991 77
0 945 955 76
0 961 976 42
0 386 899 11
0 344 777 96
0 349 668 27
0 338 545 18
0 60 500 40
0 826 914 29
1 185 477 3421
0 474 829 77
0 906 983 20
0 97 460 77
1 620 837 2534
1 666 802 3077
1 234 478 3032
1 957 985 1190
0 121 156 69
1 779 933 2225
1 684 762 2772
1 865 971 1609
0 555 737 42
0 377 777 86
1 396 704 3454
0 28 893 24
0 347 814 85
1 837 977 1680
1 100 267 2232
0 529 754 44
0 574 995 4
1 499 581 3766
1 257 380 3044
0 477 495 33
0 116 904 16
1 759 783 2990
0 186 825 29
0 108 670 35
0 753 835 63
0 226 731 22
1 180 540 3555
1 912 960 1490
0 327 396 25
0 811 968 82
0 637 715 39
1 779 988 2052
0 824 910 30
0 896 929 66
0 188 606 78
0 100 484 42
0 542 961 67
1 421 455 3840
0 806 937 85
0 889 964 1
1 181 631 1790
0 24 915 51
0 955 981 5
0 943 951 50
0 979 997 88
1 165 396 1419
1 699 820 3205
0 929 969 25
0 858 945 74
1 256 778 3383
1 824 993 1202
0 528 878 68
1 516 895 3979
0 777 894 53
0 976 991 98
0 551 980 44
0 569 936 24
1 412 704 4151
0 779 971 58
0 77 802 51
0 676 717 99
0 159 483 49
0 957 987 48
0 559 837 34
0 663 804 25
1 464 802 3508
1 470 805 3845
0 969 980 95
0 646 878 35
1 352 968 2355
0 619 978 99
0 915 996 12
0 160 606 39
0 537 988 55
0 198 669 10
0 758 786 39
0 272 345 36
0 563 939 1
1 589 862 3379
1 744 962 3274
1 722 840 3535
0 915 993 93
0 917 926 23
0 137 302 59
0 48 244 2
0 159 394 68
0 158 392 70
0 320 811 1
0 683 802 12
0 43 447 37
0 255 703 3
1 950 963 1846
0 128 794 21
0 648 964 4
0 266 412 98
1 73 553 3360
0 27 693 47
1 506 959 3180
0 472 736 43
0 223 682 44
0 324 723 73
0 712 986 64
0 513 940 43
1 587 888 3824
0 383 804 53
1 67 449 1711
0 502 637 31
1 111 902 4443
0 106 586 29
0 182 348 47
1 159 832 3943
1 614 758 4373
0 57 749 44
0 625 782 66
0 925 955 41
0 936 964 83
0 591 787 50
1 40 934 2940
0 113 537 97
1 54 56 752
1 988 990 684
1 253 260 3305
0 987 992 39
1 187 269 3189
1 565 711 4668
0 427 978 72
0 941 967 40
1 954 985 1552
1 797 921 2584
0 168 800 79
0 583 976 82
0 488 575 63
1 462 485 4982
0 647 876 13
0 875 912 66
0 542 563 15
0 742 827 45
0 744 946 90
1 266 624 4022
0 636 832 10
1 373 734 4904
0 157 897 71
0 793 924 18
0 179 357 42
1 743 966 3286
0 521 883 64
1 242 775 4656
1 578 838 4972
0 48 943 72
0 560 587 47
0 234 300 30
1 389 922 4949
1 379 849 4939
0 187 865 72
0 378 529 19
1 417 616 5214
0 884 904 4
0 632 686 82
1 386 585 4850
1 855 886 3481
0 875 942 78
1 583 889 5225
0 198 833 29
0 412 520 30
0 951 967 68
0 296 727 59
0 104 150 21
0 421 996 61
0 132 832 18
0 717 915 74
0 874 882 29
0 978 981 44
1 964 983 1637
1 627 801 4313
1 888 998 3128
0 77 502 94
0 683 736 31
0 744 875 14
1 251 861 4875
1 694 923 4593
1 298 937 4778
0 865 898 65
0 909 992 21
1 967 980 1904
0 736 806 48
1 980 989 906
0 807 963 94
1 286 341 4164
0 974 989 69
0 407 427 61
1 980 992 1318
1 412 526 5367
0 152 821 90
1 898 940 3178
0 698 961 33
1 633 892 5428
0 688 942 28
0 794 880 31
1 580 977 4466
1 863 951 2988
1 436 681 5237
0 126 756 6
0 724 954 9
0 782 951 47
1 775 947 4643
0 737 880 58
0 834 952 44
0 946 955 81
0 762 986 96
0 439 593 42
0 346 721 85
1 929 994 3079
0 239 788 43
0 99 165 71
0 536 923 20
0 437 836 27
1 958 962 2564
1 782 893 4587
1 673 995 5086
1 431 648 5457
1 727 987 2935
1 888 910 3380
1 127 318 3090
1 264 769 5194
1 509 845 5609
1 256 551 5053
0 484 493 47
0 792 963 14
0 557 908 65
1 291 754 5647
0 701 945 33
0 515 563 26
0 548 795 11
1 106 483 1971
0 205 702 12
1 683 848 4388
0 692 871 96
0 628 885 75
1 25 630 4190
0 438 699 78
1 871 940 3495
1 739 898 4358
0 915 983 36
0 923 942 40
1 757 926 3492
0 392 458 90
1 500 816 5326
0 431 903 66
0 933 970 99
1 727 869 4475
0 365 744 37
0 496 666 78
1 35 576 4919
0 223 396 26
1 205 920 6136
1 53 788 4998
0 841 929 16
1 787 838 5045
0 939 942 22
0 532 818 82
1 452 783 5879
0 917 989 51
1 854 926 3465
0 15 422 96
0 360 659 34
1 798 875 5197
0 702 779 87
0 324 634 64
0 607 728 45
0 438 711 76
0 839 924 61
1 185 496 5556
0 903 930 81
1 791 813 5229
1 358 580 5748
0 320 851 76
1 748 792 5789
0 889 992 51
0 195 315 52
0 590 940 13
0 555 565 78
1 956 959 2752
0 270 610 8
1 123 142 1958
0 778 941 83
1 544 854 5583
0 608 806 41
0 416 731 61
1 46 756 4377
0 643 831 20
1 462 892 6218
0 490 565 6
0 262 686 76
1 822 946 4060
0 435 893 90
0 994 997 62
1 759 886 5597
0 350 472 41
0 612 832 90
0 344 777 32
0 411 573 48
0 309 658 87
0 679 772 58
1 825 827 5331
1 747 870 5914
0 734 822 58
0 57 73 99
0 751 898 6
0 102 526 36
1 734 769 6311
1 8 220 3230
0 558 940 43
0 708 933 93
1 614 911 6298
1 779 872 4778
1 943 971 2352
0 858 974 65
1 0 155 1979
1 729 964 6282
0 0 59 33
1 5 563 6717
0 957 992 55
1 436 491 6565
0 310 659 60
1 875 879 4695
1 146 722 7013
0 827 927 78
0 110 956 99
1 640 660 7106
1 894 937 4244
0 324 581 70
0 384 512 74
1 989 997 1047
1 381 584 6723
1 930 979 2070
0 11 443 99
0 295 645 15
1 708 962 5007
1 402 788 6700
0 864 968 4
1 702 976 6132
1 69 327 1287
1 329 767 6766
0 972 997 32
1 290 402 5696
1 835 862 5312
0 289 500 5
0 611 954 66
1 167 291 2679
0 721 782 95
0 958 991 52
1 439 667 6717
0 608 741 78
0 874 968 87
0 254 825 31
0 628 913 21
1 191 440 4035
1 23 399 5253
0 428 799 7
0 986 990 84
1 889 930 4399
0 579 842 83
0 226 631 78
0 87 249 67
0 243 432 28
0 792 902 49
0 985 993 85
1 369 829 6417
0 433 790 16
0 852 897 79
1 787 800 6266
0 302 574 46
0 447 918 8
0 27 948 43
0 552 685 59
0 479 556 57
0 186 593 44
1 764 964 3964
0 184 930 35
0 757 810 39
0 584 597 4
0 857 921 38
0 688 741 89
0 379 792 39
1 752 853 7024
1 535 929 7456
1 307 749 7332
1 92 106 1735
1 91 751 7364
1 595 760 7399
0 623 935 29
0 279 922 94
0 404 892 8
0 539 731 50
1 709 948 5452
1 89 679 7454
0 55 916 8
0 688 903 52
0 238 913 20
0 548 987 6
1 58 265 1210
0 313 456 33
0 604 642 76
0 697 857 12
0 226 684 71
1 749 929 6561
1 69 976 3871
0 713 878 94
1 287 379 6427
1 542 724 7884
0 853 868 21
0 29 608 77
0 11 807 64
0 548 746 34
1 307 837 7098
1 458 951 7708
1 328 395 6960
1 79 725 7315
1 981 990 1489
0 334 546 69
0 466 795 91
1 10 334 2560
1 804 991 1697
0 616 888 5
0 70 735 79
1 915 945 4164
0 169 263 88
1 35 709 2498
0 314 402 49
1 208 519 7396
1 72 338 2900
0 188 384 74
1 55 613 7960
0 224 345 51
0 243 677 23
0 697 778 74
0 923 958 22
1 385 493 7849
1 265 640 5445
0 319 525 22
0 485 676 63
0 308 575 88
1 695 907 7730
0 61 147 58
0 330 863 86
0 929 981 10
0 205 545 84
1 318 470 7613
0 222 794 10
1 641 960 7389
1 677 773 7946
1 1 762 1662
1 213 456 5100
0 398 828 61
1 365 911 7987
0 646 951 92
0 772 860 46
1 852 857 5837
0 987 989 93
0 560 739 20
0 914 933 53
1 489 595 8071
0 877 958 85
1 924 970 2631
0 316 367 74
0 726 925 59
1 92 385 2642
1 938 979 3884
0 439 891 61
0 68 899 57
0 533 876 32
0 931 958 15
1 670 854 6476
0 202 516 85
0 98 568 68
0 493 889 59
0 436 625 73
1 149 969 4972
0 769 995 45
1 596 869 7981
0 325 761 75
0 372 995 24
0 777 942 95
0 727 841 65
0 219 320 21
0 905 919 47
0 691 803 65
1 9 435 2926
0 413 513 8
1 490 502 8929
1 565 984 8682
0 313 897 83
0 749 883 23
0 674 907 69
0 55 865 21
1 408 510 8683
1 732 998 6438
1 964 981 1851
1 540 619 8882
0 69 865 4
0 657 978 90
1 936 964 3950
1 267 616 7942
0 200 963 50
1 735 739 8552
0 365 998 82
0 446 668 32
0 969 991 55
1 221 804 7852
1 340 776 7852
0 400 559 18
1 936 958 4235
0 529 605 88
1 405 755 9315
1 675 904 9149
0 163 475 10
1 373 628 8372
0 676 746 22
0 180 426 73
1 340 661 7941
0 874 922 67
0 963 995 7
0 287 418 59
0 926 933 81
0 706 819 59
0 904 951 98
0 981 993 92
1 271 992 8664
1 199 747 7484
0 82 141 53
1 981 998 1698
1 716 959 8703
1 472 574 9172
0 142 499 89
0 851 934 61
0 756 765 5
0 569 601 84
0 935 985 4
1 137 280 5005
1 137 194 2953
1 571 727 9000
1 644 793 8682
0 479 530 52
1 980 986 1899
0 724 891 51
1 882 911 6265
1 761 763 8794
1 937 980 4337
0 567 769 15
0 844 919 14
0 215 602 32
0 284 366 87
1 55 403 3026
0 422 555 1
1 542 863 8909
0 50 295 89
1 676 709 9118
1 324 410 8103
0 63 980 53
0 157 281 85
0 598 786 1
0 210 985 92
1 808 901 6411
0 533 894 44
0 770 975 27
1 811 882 8008
0 683 942 64
1 249 796 9182
0 65 121 55
0 63 359 76
0 555 841 98
1 622 929 8912
1 383 699 9530
0 208 855 46
0 402 587 2
1 369 803 9112
0 802 863 63
0 946 976 77
0 427 704 88
1 702 843 8458
1 693 890 9448
0 556 796 48
0 190 816 92
0 480 682 52
0 834 906 85
0 1 610 60
0 723 819 78
0 315 573 85
0 550 556 36
1 67 241 3473
0 675 859 54
1 702 916 8422
1 826 943 5851
1 494 917 9558
1 410 767 9690
0 156 730 48
0 448 655 37
1 98 925 8974
0 152 220 95
0 312 386 76
0 108 376 78
0 874 897 29
0 100 698 6
0 79 148 83
1 541 779 9474
0 167 526 21
0 556 879 17
0 737 868 57
1 654 863 9817
1 738 767 9322
0 62 959 41
0 94 799 48
0 642 735 84
0 946 996 53
0 494 983 7
0 570 737 76
0 115 939 47
1 835 935 7652
0 225 960 74
1 367 711 9741
1 219 568 10155
0 276 457 34
0 220 436 46
1 554 906 9742
0 773 917 54
0 79 272 87
1 176 291 7086
0 223 730 10
1 391 976 10233
1 133 657 3621
0 642 702 6
1 588 691 10116
0 590 641 54
0 523 981 85
0 154 201 29
0 139 931 28
0 938 981 24
0 660 945 36
0 336 459 49
1 730 958 7438
0 172 847 44
1 398 673 10278
0 55 298 73
0 746 920 18
1 304 753 10224
1 164 424 7427
1 520 954 10428
0 197 354 37
0 775 813 12
1 80 826 10069
0 431 621 62
1 843 973 6296
1 570 884 7379
0 93 908 16
0 82 940 81
0 351 632 57
0 331 784 36
1 98 707 10251
1 494 955 10565
0 376 857 7
1 491 989 10354
0 61 82 23
0 551 960 48
0 720 786 43
0 407 917 84
0 145 341 73
1 111 683 6850
0 445 684 51
0 470 694 29
1 832 936 7959
0 129 569 50
1 987 996 1183
0 241 445 17
0 66 240 22
0 795 838 37
1 311 507 9770
1 566 622 10817
0 340 461 77
0 658 799 3
0 992 998 12
0 716 853 82
0 860 969 94
0 734 822 95
1 391 595 10595
0 499 598 90
0 655 899 28
1 650 780 10633
1 729 925 9661
1 386 464 9733
0 693 942 82
0 758 940 97
1 258 343 7515
0 639 912 53
1 22 750 7186
1 268 372 9240
1 348 442 9640
0 445 909 70
0 874 944 20
1 360 525 9919
1 638 885 10995
1 22 975 2963
1 823 886 8057
0 326 674 71
0 155 541 30
0 752 824 45
1 876 984 3633
1 680 887 8469
1 421 793 10792
1 324 350 9052
0 619 677 50
1 300 526 11011
1 609 815 10811
1 823 859 8639
0 330 413 79
1 529 891 10846
1 644 685 10636
