1000
43 47 99 53 35 63 38 6 39 17 70 70 65 19 96 26 18 18 21 32 38 36 91 73 12 66 61 79 25 73 4 32 65 54 75 67 38 88 5 80 32 93 46 42 74 23 19 54 83 84 22 19 7 40 54 8 32 83 46 33 24 39 88 6 4 98 35 80 6 46 97 34 6 44 39 67 62 24 58 80 72 40 16 65 96 23 69 51 82 11 70 61 33 12 19 3 29 79 32 2 19 88 54 41 6 99 55 31 87 97 16 94 20 33 9 67 38 8 30 27 50 43 8 58 21 90 97 6 42 30 64 51 96 75 49 44 63 50 9 76 56 26 92 14 56 7 94 9 76 60 88 28 47 2 19 10 24 81 90 9 31 74 17 72 33 49 52 53 2 15 64 63 75 76 20 33 96 3 48 95 91 62 31 18 10 4 77 55 89 4 31 70 44 99 85 97 99 93 68 50 39 76 6 72 60 22 67 11 15 88 22 81 39 34 47 29 98 29 37 14 37 55 18 51 80 86 86 73 38 71 98 52 77 44 30 71 4 52 97 47 78 58 91 43 83 81 52 65 96 50 39 66 95 46 17 86 3 46 15 38 65 92 44 15 12 88 16 80 3 94 6 7 76 2 9 76 59 81 66 29 43 2 35 9 64 30 22 7 30 47 83 46 5 7 40 95 34 7 92 70 96 29 58 29 54 39 79 97 48 29 5 98 40 14 61 57 20 6 63 92 37 58 84 6 90 48 53 52 48 29 34 70 96 8 13 54 16 81 85 74 98 26 49 84 43 45 37 47 46 50 67 11 55 38 97 82 91 56 78 49 93 74 70 93 22 0 0 58 57 5 95 63 4 86 82 3 95 11 63 3 31 50 61 46 9 75 46 21 20 86 81 87 91 27 9 36 67 79 77 20 29 45 61 71 31 36 16 7 37 96 55 33 6 7 71 11 78 53 71 93 98 34 93 2 58 99 41 54 67 35 37 26 73 68 79 96 54 80 64 47 60 9 46 1 76 32 88 55 67 85 64 84 53 80 6 2 35 94 71 18 29 4 69 26 25 63 33 84 18 35 68 84 17 17 82 86 52 82 36 1 72 10 29 3 52 77 16 27 86 17 56 19 70 28 31 9 40 52 51 68 47 60 42 78 51 88 61 25 87 56 3 7 12 29 54 78 4 24 15 92 30 95 34 38 9 65 45 71 99 18 45 72 36 27 92 93 27 47 61 74 8 34 77 99 27 4 12 89 56 34 63 10 80 85 91 71 46 51 29 4 41 69 79 35 86 53 96 97 69 49 44 41 48 72 14 42 54 94 53 71 1 62 84 1 3 5 29 38 19 28 41 75 95 46 30 51 76 33 92 93 24 10 20 54 83 7 30 68 17 16 78 10 67 40 34 89 60 37 34 42 70 58 96 86 13 12 88 34 55 7 86 54 96 75 47 24 92 18 14 49 95 20 40 48 25 48 2 62 66 88 5 9 87 8 45 7 6 31 63 17 82 92 85 25 51 15 68 24 32 30 80 24 97 45 37 10 55 43 10 83 30 95 57 49 27 59 42 15 74 24 45 88 54 82 25 15 2 98 71 38 66 45 45 3 83 95 83 76 74 60 43 18 84 21 24 91 58 70 66 86 11 42 8 51 46 56 42 11 64 53 31 74 31 45 58 64 40 2 45 45 10 79 22 33 15 94 85 86 87 9 65 35 94 97 38 1 3 63 40 64 35 34 34 92 38 90 33 24 80 59 98 39 62 25 97 65 68 35 68 40 94 61 55 80 34 30 9 15 45 33 83 97 7 96 87 72 4 14 84 35 4 54 76 60 71 65 86 90 82 90 21 8 69 16 12 7 93 8 72 29 35 41 7 67 29 84 6 81 89 3 21 52 36 1 86 37 53 15 71 15 82 6 36 33 73 80 84 73 55 63 63 91 6 76 76 38 73 72 63 72 24 49 90 69 27 46 56 82 27 68 34 58 19 52 89 44 77 69 80 74 69 52 66 77 69 32 22 42 34 95 39 85 17 90 34 12 50 92 94 90 57 59 90 33 70 62 73 57 91 10 10 69 34 93 49 43 5 55 42 79 0 85 68 44 50 76 61 14 0 76 60 51 48 4 83 93 98 99 62 75 31 75 47 96 12 69 92 0 5 65 30 20 17 35 99 96 8 34 15 75 34 57 58 99 76 63 25 62 96 51 45 56 58 48 36 21 16 21 27 81 66 60 47 74 50 96 97 7 54 73 32 35 95 59 44 27 92 41 28 31 
1 28 146 32
0 594 860 22
0 279 606 76
1 611 690 42
1 466 837 158
1 871 930 10
0 458 795 57
1 744 754 173
0 156 605 51
0 909 926 28
1 715 877 94
0 407 859 52
0 410 527 40
0 282 398 98
0 79 785 53
1 879 943 113
1 237 407 331
0 765 773 68
0 800 988 87
0 237 390 8
1 439 835 250
0 493 736 30
0 526 877 3
1 433 937 411
0 759 990 24
0 49 779 91
0 378 564 96
0 462 823 84
0 994 994 28
0 600 761 92
1 104 919 407
1 465 547 625
0 130 838 72
0 47 772 12
0 194 701 5
1 854 871 260
1 438 818 348
1 103 724 607
0 11 909 47
0 452 537 75
0 643 680 23
0 460 550 8
1 902 922 208
0 593 701 38
1 22 812 691
0 894 987 64
0 356 780 24
1 274 644 809
0 518 736 16
1 399 951 824
0 79 648 92
0 258 713 96
0 902 929 89
0 296 517 65
0 159 465 18
1 214 693 963
0 868 967 7
1 374 832 725
1 179 740 440
1 832 906 210
0 167 290 27
0 14 88 77
0 339 674 8
1 961 984 245
0 720 774 67
0 302 372 33
0 581 804 66
0 719 952 76
0 775 935 25
1 171 218 518
1 723 959 357
0 623 821 53
0 5 231 83
1 506 654 966
1 571 818 678
0 716 890 73
1 623 843 940
0 294 948 40
1 54 481 998
1 695 707 991
0 550 817 58
0 719 828 9
0 336 666 89
1 34 445 877
1 495 820 741
1 320 411 905
0 959 984 93
0 94 717 63
0 108 397 11
1 83 276 470
1 962 971 332
1 277 762 1291
1 88 138 439
1 586 961 1311
0 3 983 83
0 130 797 47
1 321 805 1280
1 132 461 1291
1 463 530 1510
0 471 758 30
0 1 260 54
0 840 881 89
0 620 778 4
1 527 698 1262
1 744 834 625
0 815 870 20
0 732 895 79
1 46 60 480
0 739 995 40
0 239 984 15
0 185 265 28
0 418 613 74
0 842 858 44
1 498 574 1653
1 591 809 1108
1 822 970 633
1 725 790 1158
0 333 763 44
1 951 973 447
0 337 555 16
1 982 984 397
1 933 992 487
0 754 996 11
0 55 570 97
0 277 501 41
1 94 645 1540
1 106 364 968
0 225 820 17
1 439 902 1388
0 298 508 30
0 848 901 49
0 374 659 27
0 617 910 49
0 884 884 58
0 711 868 98
0 428 920 42
1 389 959 1803
0 159 885 31
1 407 567 1947
1 835 944 769
0 881 935 82
1 494 874 1406
1 762 892 947
1 702 878 1681
1 915 951 657
0 496 952 14
0 861 955 13
0 899 904 23
0 115 578 28
1 102 596 1755
1 151 892 1305
1 211 791 1749
0 24 609 34
0 701 855 76
0 563 920 42
0 430 586 77
0 253 528 85
1 293 913 1642
1 665 791 1772
1 515 920 1385
0 595 993 74
1 567 811 1871
0 757 797 97
0 691 929 6
0 153 737 71
0 70 995 57
0 19 215 90
0 590 683 31
0 447 681 34
1 293 788 2045
1 604 804 1914
1 365 854 1753
1 569 768 2007
1 827 989 1431
0 809 954 76
1 815 819 1567
0 287 312 1
0 481 667 13
0 166 921 67
0 529 657 81
0 173 956 76
0 387 726 64
0 564 898 33
0 976 978 78
1 729 787 2055
0 149 790 91
1 407 823 2336
0 673 692 43
1 527 848 2422
0 950 970 47
1 700 760 2274
1 270 398 1853
0 305 751 98
1 706 963 2298
0 207 623 36
0 693 907 5
0 116 540 87
0 153 945 74
0 547 694 92
0 284 760 2
0 437 593 87
0 984 991 8
0 346 526 99
1 889 948 906
1 315 622 2427
0 11 273 19
0 339 793 3
0 29 827 3
0 465 658 1
1 219 384 2381
0 511 581 68
0 969 990 80
1 417 980 727
1 955 970 543
1 217 307 2033
1 907 967 757
1 629 784 2687
0 38 341 11
1 299 716 2524
1 52 152 999
0 618 885 67
1 839 989 727
1 226 780 2727
1 748 995 722
0 83 314 89
0 482 970 45
1 208 509 2869
0 644 798 64
0 24 602 59
0 900 952 98
1 322 918 2899
0 767 854 93
1 871 992 1157
1 12 13 351
0 641 830 36
0 681 733 56
0 631 950 33
1 795 878 1744
1 363 541 3241
1 596 675 2789
1 966 994 195
1 472 559 3276
1 916 945 1287
0 496 771 59
1 366 388 2536
1 581 858 2775
0 118 881 90
1 269 697 3297
1 235 743 3115
0 134 918 26
0 256 589 12
0 821 930 87
0 45 887 34
0 720 758 38
1 255 905 2065
1 226 593 2231
1 442 591 3206
0 657 816 31
0 774 928 40
0 807 842 22
0 390 682 52
0 91 522 20
0 354 880 86
0 316 703 46
0 274 914 83
0 126 885 83
0 512 619 94
0 7 857 8
0 42 210 38
0 958 961 81
1 897 947 1634
0 790 862 11
0 315 319 62
0 13 927 64
0 404 696 69
1 368 371 3000
0 532 814 27
0 23 194 88
0 285 981 32
0 319 380 56
0 60 442 42
0 206 387 23
0 293 445 74
1 261 844 4079
1 314 779 3673
0 360 819 71
1 800 924 2775
0 955 992 93
0 899 913 31
0 2 144 73
1 927 955 1132
1 453 537 3953
0 732 890 30
1 474 725 3968
0 658 687 5
1 187 540 4041
1 153 612 3443
1 97 838 2961
0 968 977 89
1 125 839 3327
1 54 832 3049
0 266 997 18
1 961 971 815
1 878 936 2091
1 20 244 1898
1 596 675 3658
0 978 988 97
0 848 890 11
1 433 505 3999
1 45 616 3744
1 731 836 3310
1 327 579 3488
0 617 654 80
1 19 985 1528
1 427 912 3979
0 625 937 46
1 944 973 804
1 521 705 3592
0 884 990 12
0 218 446 47
0 973 981 10
0 274 768 60
0 682 826 74
1 840 926 1768
1 569 736 3755
0 821 864 9
1 257 733 3672
1 647 713 3445
0 25 391 27
0 688 862 71
0 37 736 34
1 303 476 3190
1 187 403 3102
0 476 918 75
1 572 820 3611
1 127 823 4315
0 592 994 35
0 1 680 36
1 665 783 3768
0 214 671 62
0 583 607 22
0 412 784 73
0 479 518 8
1 558 842 4106
0 429 536 51
0 336 921 26
0 671 770 91
1 187 962 3722
0 459 959 2
1 970 994 882
0 522 871 14
0 266 286 19
1 183 407 2393
1 245 836 4116
0 56 834 74
1 244 662 4343
1 414 599 4277
1 902 948 1606
0 158 527 58
0 964 964 52
1 403 902 4019
0 672 930 6
0 715 842 43
0 807 875 54
0 952 996 16
0 359 572 44
1 738 834 4131
0 791 895 86
0 556 884 72
1 977 978 1040
0 475 992 77
1 716 746 4304
1 499 923 3243
1 893 997 1084
1 539 987 3219
0 281 355 52
0 11 142 20
1 922 969 1732
1 48 553 4166
1 207 483 3089
1 366 545 4067
0 479 888 92
1 724 996 3691
0 369 527 47
0 35 462 1
0 676 725 25
1 58 488 2677
1 917 949 1700
1 778 962 3660
0 481 933 52
0 379 645 21
1 408 499 4443
0 807 880 29
1 809 849 3362
0 38 442 29
0 906 937 30
1 875 917 2900
1 678 730 4428
0 482 786 70
0 152 828 44
1 424 963 4712
1 308 374 3443
0 423 628 57
0 631 653 10
1 694 984 1068
0 258 521 92
0 925 928 35
1 755 987 2021
1 867 918 2223
0 552 954 32
0 562 774 93
0 949 960 89
0 183 238 78
0 803 984 70
0 511 831 81
0 792 826 70
0 48 315 42
1 341 666 5083
0 703 793 14
1 140 364 3115
1 187 502 4236
0 321 417 92
0 935 971 91
0 237 827 73
0 754 866 86
1 867 936 1642
1 7 598 1308
0 865 918 85
0 467 939 9
0 205 238 72
0 813 848 65
0 461 937 68
1 710 719 4921
1 745 855 3786
0 526 724 83
0 223 724 84
0 688 943 36
0 265 594 87
0 659 739 17
1 255 549 3515
1 530 717 5472
0 980 988 83
1 239 330 3586
0 688 929 49
0 423 845 19
0 716 989 81
0 893 965 75
1 805 994 3659
0 734 798 99
1 994 996 186
0 18 332 80
0 167 469 34
0 147 519 35
0 188 987 63
0 846 968 86
0 717 742 6
0 757 883 2
1 612 784 5147
1 639 972 1700
1 947 985 1448
0 241 268 79
1 694 897 5237
1 753 785 5190
0 988 998 95
1 931 963 1700
1 65 811 3915
0 798 823 69
0 750 766 13
0 991 998 63
0 680 988 57
1 752 876 4724
1 40 650 2432
0 504 814 45
1 978 997 1052
0 90 441 92
0 682 751 46
1 605 892 5385
0 979 991 16
0 891 894 27
1 671 962 4114
1 618 916 5331
0 414 939 85
0 8 461 64
0 266 926 77
1 177 532 5027
1 843 859 4278
1 129 208 2419
1 122 391 4256
0 334 351 38
0 806 934 84
0 955 971 98
1 422 758 5746
0 709 780 86
1 920 979 2601
0 316 565 24
1 11 263 2934
0 606 890 62
1 24 893 5670
0 261 579 29
0 488 754 32
0 129 717 42
1 275 718 5761
0 224 846 83
0 374 922 29
1 310 670 5443
0 315 345 29
0 130 338 2
0 202 797 20
1 246 632 4568
1 364 714 5933
0 521 826 53
0 655 689 5
0 213 490 19
0 357 592 12
1 688 895 4425
1 702 724 5887
0 789 962 33
1 66 256 2963
0 788 869 2
0 704 888 9
0 992 994 59
1 222 912 5637
0 971 995 39
0 549 597 16
0 397 979 92
0 649 993 73
1 513 922 6135
0 774 986 20
0 248 419 40
1 389 641 6020
0 918 941 76
1 695 761 6061
0 603 826 36
0 807 824 80
1 84 160 2861
0 526 678 80
0 458 749 53
1 745 880 6222
1 374 768 5080
0 505 785 9
0 854 931 15
0 627 814 9
0 792 889 65
0 26 818 2
0 31 424 8
1 589 843 6220
0 85 913 38
0 746 770 38
0 507 543 95
0 605 993 54
0 849 945 50
0 740 804 59
0 262 386 30
0 614 930 76
1 702 817 6438
0 598 808 78
1 811 933 3908
0 642 669 78
1 365 692 5045
0 559 663 93
0 369 648 57
0 927 932 57
0 798 927 26
1 640 769 6708
0 937 939 9
0 53 150 12
0 349 543 84
0 760 801 13
1 469 535 6498
0 48 129 59
0 839 921 7
0 862 982 53
0 953 964 52
0 541 617 45
0 725 855 78
1 44 269 3429
1 584 748 6317
0 877 920 58
1 203 302 3757
0 660 714 33
0 838 938 21
1 239 356 4299
0 328 869 78
1 494 685 6574
0 644 897 13
0 756 796 97
1 164 897 6755
0 832 838 14
0 475 873 58
1 667 910 6706
1 881 921 3549
1 625 751 6758
1 488 907 6005
1 411 744 6645
0 910 951 91
1 589 649 6648
0 649 836 26
0 763 846 74
0 41 428 57
0 348 762 66
1 853 961 2149
0 971 982 90
0 545 928 31
1 542 951 3878
0 62 167 99
1 866 898 4117
1 338 739 5348
0 970 986 6
0 396 863 67
1 989 991 895
1 63 322 3196
1 710 846 6168
0 307 956 70
0 725 838 2
0 235 875 99
0 230 400 49
1 663 835 6409
1 415 780 7104
0 366 548 6
0 522 928 63
0 896 972 46
1 489 823 7216
1 90 333 2402
1 242 585 6108
1 123 837 6978
1 596 838 7289
0 274 773 87
0 806 957 10
0 252 640 50
0 716 870 58
0 167 458 31
0 546 958 77
1 137 856 5919
0 301 426 85
1 502 787 7444
0 804 961 61
0 681 862 20
1 377 648 7079
0 638 933 63
0 89 104 91
0 976 998 66
0 692 724 90
1 676 778 7265
0 164 362 48
0 421 688 10
1 833 909 5772
1 585 869 7221
0 211 982 68
0 831 833 75
1 351 935 7236
0 331 713 23
1 925 937 3170
1 598 615 7299
1 871 940 4381
1 988 990 1023
1 668 927 7625
1 781 972 2430
0 254 910 49
0 896 924 27
0 559 769 74
0 258 587 45
0 674 797 52
0 745 768 20
1 625 700 7607
0 820 974 56
1 786 813 7026
1 725 904 4285
0 918 985 4
1 340 394 6178
1 826 903 4345
0 647 669 64
0 645 921 86
0 846 925 29
1 746 877 6965
1 67 249 1847
1 282 753 7246
1 697 893 7617
1 332 338 5554
0 400 585 80
0 702 955 55
0 666 892 83
0 333 799 29
1 72 707 6085
1 318 446 6276
0 94 206 53
1 586 630 7509
0 610 706 66
0 178 615 86
0 987 992 10
0 148 238 66
0 802 838 25
0 113 490 65
1 186 804 7876
1 402 738 7548
0 795 913 37
1 848 955 4924
1 433 588 6698
1 205 961 6136
0 237 265 63
0 153 282 58
1 547 591 7975
0 989 998 74
0 382 564 22
0 915 920 28
0 521 895 20
0 918 936 22
0 242 898 99
0 333 955 89
0 654 984 14
0 977 993 37
0 690 892 66
0 973 974 48
0 682 984 60
1 126 757 7651
0 600 831 87
1 953 958 2330
1 891 938 4930
0 393 418 7
1 958 966 2482
1 31 905 7608
0 258 278 89
1 44 982 4971
0 7 365 94
1 727 953 7943
0 549 963 8
1 662 930 8282
1 334 847 6919
1 487 816 8110
0 483 754 75
0 314 554 40
1 46 693 2270
0 762 996 61
0 819 832 62
0 632 905 96
0 851 920 51
0 169 228 55
1 511 634 8076
0 977 997 96
1 222 443 5010
0 581 695 18
1 806 967 7760
0 547 728 94
0 475 830 4
1 294 836 8446
1 396 573 8051
0 492 833 14
1 937 949 2979
1 111 253 3917
0 518 727 94
0 61 113 55
0 61 133 77
1 492 541 8122
1 101 117 2660
1 704 766 8763
0 516 882 51
0 676 968 82
0 866 916 3
0 228 831 82
1 370 758 7118
0 798 838 99
0 487 522 2
0 879 882 78
1 169 611 6314
1 27 549 5791
0 675 823 18
0 515 726 44
1 82 568 6902
0 659 660 8
1 336 586 7120
0 687 801 63
0 21 414 91
1 297 912 8820
0 669 912 44
0 796 928 74
0 766 843 4
0 916 933 13
0 322 426 78
0 204 404 83
0 104 572 82
0 45 538 77
0 483 778 2
1 350 902 8947
0 915 983 15
0 829 883 93
1 36 893 8945
1 899 948 5233
1 355 570 7040
0 224 874 86
1 653 857 9077
0 854 886 7
0 919 924 1
0 59 611 93
0 959 973 57
0 673 896 26
0 620 828 77
1 199 201 4104
0 628 890 66
0 407 857 5
0 78 483 78
0 661 684 25
0 508 808 4
1 812 847 8492
0 650 710 16
1 737 984 2856
0 758 786 92
0 497 604 64
0 583 820 81
1 123 642 7688
0 972 998 47
0 22 184 55
0 104 534 64
1 25 407 3403
1 304 511 7973
0 34 158 49
1 555 725 9126
1 312 844 8599
0 574 615 30
0 397 722 5
0 535 552 79
1 629 941 7141
1 425 427 7755
0 319 882 85
1 9 90 2348
0 520 523 81
1 424 909 7609
0 458 474 70
1 422 817 8789
0 550 813 63
1 196 416 7324
0 73 461 67
0 856 877 6
1 438 698 8848
1 546 729 9020
0 123 236 28
0 137 608 12
1 179 741 4501
1 589 765 8768
0 413 872 55
0 937 958 52
1 165 251 4988
1 870 901 6160
0 709 742 20
0 954 955 22
1 315 991 9532
0 494 528 7
0 867 945 71
0 983 994 23
0 201 729 68
1 239 309 6385
0 954 956 53
0 77 835 79
0 167 268 80
0 693 716 11
1 378 560 7809
0 637 857 45
1 458 814 8089
0 386 988 14
0 1 762 2
1 583 953 9466
1 348 670 9060
0 887 955 3
0 276 360 22
1 442 781 9626
0 256 549 8
0 962 969 42
1 376 925 7973
0 484 731 93
1 875 912 5328
0 677 717 74
0 309 357 34
0 849 940 28
0 313 965 86
0 528 704 28
0 43 814 65
1 680 721 10104
0 184 598 26
0 570 714 33
1 629 980 9871
1 228 840 7825
1 759 804 9872
0 540 691 34
1 348 816 9448
1 985 994 1710
0 97 884 49
1 977 982 2284
1 798 863 7734
0 831 932 30
1 137 784 9802
1 366 509 8371
0 61 610 9
0 126 228 53
0 852 988 97
0 229 362 18
1 781 902 7732
0 840 963 57
0 377 417 52
1 280 634 8196
0 344 442 28
0 713 978 75
0 105 991 99
1 539 840 10053
1 947 987 2155
1 335 549 8153
0 832 888 42
1 461 913 10089
0 773 985 80
1 292 805 7975
0 892 908 52
0 52 577 27
0 80 905 15
1 293 677 9586
0 262 669 91
0 993 994 21
0 334 507 98
0 291 610 21
0 683 778 18
0 794 794 75
1 353 757 9677
1 606 612 9683
1 815 903 5932
0 876 879 57
1 408 528 9397
1 60 362 4868
1 337 397 8206
1 724 837 9305
0 362 641 62
0 78 628 9
0 73 700 17
1 8 692 5543
1 788 922 5863
1 840 973 4087
1 123 965 9854
1 689 837 9527
0 105 639 14
0 403 658 55
1 990 994 1154
0 185 258 23
1 678 748 10628
0 799 954 82
0 713 751 83
1 446 543 9524
1 976 979 2507
1 199 942 9408
1 961 997 1921
0 124 421 17
0 680 799 74
0 994 995 89
1 200 691 7278
0 658 918 98
0 797 978 35
0 972 993 94
1 768 781 10004
0 440 908 21
1 807 868 9693
0 400 673 14
1 63 237 4927
0 897 976 61
0 775 880 26
0 160 187 31
0 600 773 41
1 658 747 10656
0 480 506 76
0 880 899 93
1 199 530 8949
0 643 658 23
1 534 648 10155
1 77 892 8303
0 58 566 32
0 213 666 61
0 518 684 79
1 230 409 8522
1 906 966 3935
0 277 749 76
0 102 449 14
1 956 994 2641
0 140 670 75
0 433 443 85
0 158 798 70
0 127 865 44
0 900 901 9
1 87 994 8859
0 903 984 26
1 950 994 3784
1 260 765 11099
1 564 613 10217
0 32 647 74
1 168 562 9145
1 293 587 10609
0 266 801 19
1 791 864 9468
1 106 134 3821
0 236 647 64
1 755 916 6452
0 182 256 79
1 849 978 5277
1 596 819 9519
0 916 982 75
0 11 425 19
0 364 771 75
0 289 832 45
