1000
40 86 88 14 96 46 55 73 14 91 22 97 71 40 56 69 24 95 60 57 74 97 89 86 52 31 50 24 95 88 83 34 98 96 37 33 0 52 47 55 75 71 85 49 98 61 1 47 5 34 64 87 39 29 82 65 88 29 33 1 69 75 27 69 84 13 74 49 52 19 47 52 37 25 42 53 27 4 1 78 89 0 27 51 12 52 52 2 89 84 18 81 16 76 5 65 37 37 30 30 44 62 60 44 79 35 61 36 67 36 40 33 48 92 42 60 77 44 54 50 52 99 52 25 21 6 70 18 65 36 26 73 16 88 98 25 47 25 97 54 72 15 41 28 91 15 25 58 30 3 89 75 71 83 36 52 13 63 85 66 76 46 41 97 24 86 8 33 84 57 62 28 15 15 72 60 24 41 83 50 19 14 92 87 40 80 61 42 6 65 19 27 10 43 76 91 5 36 19 83 34 26 29 33 85 97 71 0 53 46 13 99 41 13 45 10 17 38 12 8 29 17 48 96 3 2 59 29 45 2 94 72 5 63 58 45 16 77 51 68 80 74 39 34 38 91 65 42 96 73 61 53 27 79 55 14 59 72 73 57 49 99 42 2 74 37 36 33 30 91 35 61 11 9 35 73 71 62 78 29 63 72 39 9 59 27 64 99 82 69 59 75 34 0 75 27 43 20 72 60 26 59 48 50 13 34 44 3 85 84 88 26 12 60 34 73 68 92 76 49 40 81 80 46 34 94 80 75 53 87 98 50 55 88 29 23 54 6 20 65 2 46 66 2 30 30 91 64 12 59 95 72 34 95 61 62 99 59 21 85 76 16 73 24 51 39 84 77 34 81 52 69 64 80 29 36 37 76 46 34 30 0 68 86 94 41 45 11 91 55 31 9 49 89 9 29 93 60 97 86 52 23 11 77 61 46 1 52 53 98 95 28 14 3 80 89 90 13 73 73 96 68 22 11 6 91 15 73 13 51 93 5 74 27 98 56 31 51 9 19 62 2 16 53 0 48 26 93 48 44 69 93 72 0 9 64 49 74 51 96 23 31 68 99 63 95 68 27 29 92 57 15 16 90 56 9 76 94 43 48 2 2 52 7 33 73 17 55 12 30 4 63 51 10 29 10 48 97 34 44 23 18 58 2 99 71 77 28 78 63 71 88 10 94 62 81 74 97 10 48 29 19 51 1 9 78 21 25 91 74 67 50 64 99 64 48 59 93 3 67 58 53 25 57 70 94 37 9 71 32 95 52 63 4 27 31 21 48 64 12 17 70 96 90 90 87 98 68 76 4 12 77 84 89 98 9 73 48 94 46 16 28 48 53 45 86 89 35 31 88 16 48 22 96 73 99 16 60 29 54 99 20 9 7 4 15 85 78 78 37 84 9 49 88 26 86 37 1 21 28 64 50 48 88 63 38 5 73 74 12 97 10 38 96 89 31 51 90 91 7 11 13 77 45 62 31 21 24 70 89 62 47 90 37 34 33 62 46 92 4 12 92 80 21 6 57 33 55 39 32 27 21 95 95 1 90 27 66 0 89 36 26 8 26 66 11 55 25 12 45 60 49 27 0 69 10 12 99 88 75 65 75 14 19 86 77 41 48 96 21 8 16 95 23 49 96 65 82 34 58 34 27 87 55 97 24 58 53 66 50 52 85 42 8 11 81 4 17 77 48 10 76 24 14 7 97 26 45 37 15 67 0 15 52 81 99 51 72 52 31 10 46 13 7 96 7 19 63 37 80 4 13 19 66 73 5 28 68 78 62 20 29 28 93 42 55 35 51 34 3 58 39 83 90 88 89 5 31 78 2 6 66 51 63 24 44 19 60 15 88 62 90 97 94 59 31 33 70 36 13 36 99 29 17 93 88 13 9 28 62 3 9 93 79 29 79 78 51 97 52 58 85 29 5 35 36 44 49 7 35 29 45 34 26 88 18 75 50 51 73 72 2 51 45 51 59 47 68 79 13 55 43 42 19 53 11 52 64 80 96 80 91 14 69 85 36 68 0 3 57 55 48 95 4 17 44 29 13 32 34 9 10 10 32 92 21 66 73 43 10 63 95 67 50 14 3 28 71 40 42 12 56 0 63 36 8 38 20 73 90 37 42 30 8 90 99 22 92 21 82 92 90 36 50 50 59 14 27 18 90 53 93 38 69 55 41 83 10 25 69 69 6 42 51 24 93 26 69 85 4 34 59 91 76 43 9 44 36 85 79 93 4 27 51 13 50 43 66 8 53 63 89 91 77 14 81 54 7 95 77 
1 34 269 19
1 253 382 81
0 219 484 17
1 294 787 97
1 892 982 30
0 303 768 86
0 388 610 88
0 255 676 23
0 353 460 2
0 93 633 46
1 461 503 272
0 730 909 83
0 720 874 50
0 695 848 33
1 415 906 336
0 359 929 85
1 667 762 196
0 828 833 21
0 638 912 40
0 461 482 56
1 339 473 440
0 964 983 66
0 68 361 59
1 189 546 424
1 483 657 381
0 464 863 23
0 297 996 33
0 637 850 18
1 579 804 335
0 687 787 52
0 715 974 42
0 977 993 11
0 958 961 33
0 145 605 38
0 632 791 92
0 579 841 1
1 933 954 97
0 589 956 97
0 393 877 28
1 128 918 508
1 917 943 328
0 176 782 93
0 508 877 40
1 754 994 186
0 553 731 99
0 554 940 47
1 782 817 710
0 177 586 91
1 832 976 548
1 23 219 170
0 437 807 88
1 792 797 797
1 237 679 804
0 624 759 89
1 230 410 522
1 833 942 484
0 834 930 73
0 303 528 29
1 586 954 1271
1 476 822 998
0 441 857 46
0 1 33 52
1 727 798 1211
1 962 964 117
0 711 815 95
1 793 798 938
0 784 831 88
0 743 824 42
1 287 858 841
0 32 101 3
0 933 968 7
0 582 958 38
1 904 915 581
1 429 867 1128
0 516 735 20
0 692 986 56
1 542 853 1127
0 228 381 51
0 163 470 29
0 861 985 37
0 518 903 60
0 294 669 17
0 915 950 8
1 574 604 1088
1 636 763 1131
0 258 749 46
0 374 445 17
1 137 419 697
1 305 578 937
1 632 937 1630
1 782 994 986
0 797 936 26
1 654 932 1481
1 941 955 403
0 196 317 81
1 886 994 235
1 676 969 1304
1 845 956 901
0 566 579 7
0 926 952 57
0 337 389 23
0 264 463 78
1 902 988 542
0 762 793 45
0 703 818 69
0 494 885 94
0 375 691 21
1 684 739 1559
1 80 289 229
0 354 723 19
1 439 874 1316
1 559 861 1511
0 113 923 64
1 288 362 918
0 969 979 98
0 944 985 7
1 931 954 472
0 503 765 11
0 390 562 7
0 233 243 96
1 280 703 1463
0 96 415 11
0 775 905 68
0 744 806 45
0 610 822 26
1 163 205 333
1 8 912 76
0 890 892 46
0 246 659 17
0 940 980 45
0 865 890 48
0 273 512 72
0 477 995 55
1 929 969 727
0 192 356 86
1 807 839 1229
0 702 988 31
0 14 831 2
0 973 979 46
0 871 898 51
0 552 939 40
0 573 602 28
0 506 862 18
0 406 658 48
0 5 42 94
1 642 998 1920
1 490 905 1964
0 51 671 82
1 515 700 1633
0 6 44 61
1 171 227 611
0 264 484 4
1 152 998 1651
1 329 974 1729
1 457 472 1326
1 458 952 1354
0 699 936 5
1 296 656 1213
0 55 878 88
0 119 852 66
1 807 828 1524
0 718 725 53
0 576 587 14
1 915 982 709
0 100 432 76
1 674 692 1681
0 685 934 91
0 859 942 89
1 296 766 1830
1 622 626 1844
1 209 987 355
0 396 792 23
1 355 629 1834
0 530 889 56
0 257 650 65
0 543 860 67
1 585 997 2037
0 4 290 45
0 364 436 7
1 24 361 1474
0 772 840 61
1 401 560 1670
1 602 919 2039
1 371 850 1751
1 311 622 1526
0 973 992 98
0 713 899 94
1 79 326 809
1 314 568 1457
1 981 993 260
0 228 505 47
0 702 988 67
0 755 858 44
0 818 961 8
0 586 944 6
0 6 361 11
1 590 605 2111
1 136 826 2322
0 282 996 42
0 61 992 80
1 867 910 1397
0 964 978 12
0 960 962 74
1 396 440 1769
0 874 965 40
0 860 963 77
0 576 799 83
1 114 185 655
0 249 714 37
0 6 59 89
1 482 782 2120
0 8 413 80
1 100 933 624
0 333 527 26
0 580 916 41
0 693 994 17
0 149 811 9
0 675 921 61
0 440 873 73
1 742 970 1226
0 839 857 95
1 867 963 900
1 417 825 2934
0 789 997 75
0 481 644 63
0 882 890 86
1 785 794 2943
0 671 858 86
1 346 885 2479
0 948 992 21
0 863 881 40
1 544 968 1612
1 816 958 1683
1 683 707 2658
1 133 838 2664
0 15 58 49
0 507 811 47
1 212 270 1333
0 360 389 74
1 255 369 1773
0 382 837 53
0 291 555 46
0 736 879 23
1 144 504 1800
0 879 889 8
0 442 550 92
1 991 994 495
0 376 711 77
1 55 814 2709
0 73 172 5
0 524 870 32
1 595 738 2648
0 673 949 12
0 591 855 86
0 515 625 78
0 520 761 19
1 372 757 3166
1 552 978 2723
1 71 888 2858
1 64 89 544
1 752 890 2259
1 761 850 2577
1 330 691 2910
0 457 997 32
0 529 923 88
0 417 483 92
1 604 823 3029
0 387 477 55
1 639 966 2822
0 217 875 12
1 495 702 2808
0 110 549 99
0 377 486 1
0 501 663 91
1 21 351 557
1 572 982 3472
0 511 807 34
0 369 401 50
0 731 983 34
0 554 556 42
0 419 627 29
1 799 970 3146
0 856 976 70
0 776 830 50
0 204 524 11
0 789 901 80
0 412 567 55
0 36 104 23
0 817 844 71
1 466 732 2794
0 324 802 57
0 317 520 84
0 205 264 82
0 214 498 7
0 564 797 81
0 935 983 46
0 396 602 13
0 802 918 64
1 273 723 3172
1 659 986 3649
0 661 807 32
1 519 577 3125
0 873 993 78
1 814 940 2654
1 623 910 3606
0 278 990 2
0 220 440 60
0 436 778 93
1 381 577 2752
1 751 984 1429
1 686 916 3334
0 373 976 37
1 634 732 3732
0 506 546 41
1 333 624 3430
0 427 501 39
1 816 926 2728
0 110 535 36
0 995 995 9
1 471 615 2803
1 216 800 3370
1 266 850 2720
1 440 917 3789
1 573 983 3322
0 91 264 23
1 939 994 1284
0 461 706 29
1 129 830 3120
0 806 828 83
1 487 787 3291
0 27 351 83
0 969 971 89
0 964 964 14
0 760 997 43
0 389 997 95
0 517 658 64
1 514 673 3257
1 261 584 2713
1 227 775 1699
1 871 990 2780
1 877 882 2796
1 236 954 3441
0 747 775 29
0 967 998 90
0 92 421 34
1 825 975 1367
1 835 974 1485
0 685 872 33
1 907 932 1876
1 186 633 2252
1 164 319 1603
0 970 989 21
1 946 958 1416
1 590 966 3172
0 311 755 19
1 973 988 1443
1 797 946 2652
0 588 642 20
0 908 964 30
0 169 757 84
0 157 989 53
1 108 269 1388
0 753 759 18
1 463 484 3221
0 941 969 56
0 582 804 85
0 925 989 91
0 354 938 50
1 439 830 3871
0 90 776 23
0 929 995 32
1 27 541 1041
0 397 772 45
1 457 527 3212
1 805 883 3764
1 487 826 3757
1 179 565 3628
0 406 576 20
1 264 561 3545
0 694 760 57
0 867 901 17
0 659 941 42
0 795 943 50
1 678 965 3220
1 411 672 3877
1 85 954 1616
0 823 895 3
1 662 928 2270
0 722 874 49
0 794 808 77
0 800 874 85
1 198 235 1790
0 829 962 73
0 304 616 19
0 350 366 89
0 276 606 95
1 981 993 1317
0 622 931 83
1 382 943 4499
0 465 518 40
0 786 935 40
0 405 415 87
0 228 478 46
0 35 961 63
1 327 914 4284
0 61 610 34
1 753 984 3758
1 66 588 3629
1 288 585 3244
1 879 929 3194
0 500 714 64
0 594 827 40
0 88 424 60
0 177 502 44
1 791 810 4475
1 729 855 3846
0 990 991 10
0 383 977 42
0 871 932 24
1 774 798 4557
1 255 588 3108
1 203 850 4082
0 29 53 97
0 358 613 12
1 223 487 3750
0 716 849 39
1 701 897 2998
1 547 953 2473
0 476 696 32
0 523 968 11
1 641 796 3991
0 990 994 60
1 948 956 1858
0 846 892 24
0 4 171 49
0 38 817 56
0 58 648 62
0 680 803 99
0 480 503 31
0 841 882 61
0 807 813 4
0 892 929 55
1 441 581 3860
1 525 641 4176
1 950 971 1686
1 372 576 3454
0 42 624 16
0 270 993 89
0 87 389 54
0 133 167 30
0 348 465 84
0 455 528 87
0 780 837 81
1 450 692 4546
0 476 953 67
1 787 859 4175
0 720 853 70
1 988 991 1024
1 702 777 4998
0 421 965 85
1 812 911 3680
1 923 995 1992
0 598 909 65
0 79 576 38
0 320 946 42
0 63 706 8
0 149 834 42
1 177 717 3251
0 975 992 88
1 962 984 1653
0 873 878 80
0 960 973 10
0 135 263 50
0 88 223 10
0 972 977 85
1 627 927 3931
0 856 898 21
0 887 965 33
0 429 773 73
1 434 457 4101
1 80 693 4354
0 965 973 54
0 139 859 84
0 839 910 59
0 694 945 29
1 180 204 2229
1 41 388 3618
1 632 799 5086
0 718 725 50
1 761 781 5288
1 243 348 2918
1 39 197 776
0 386 903 71
1 468 972 5353
0 144 367 90
0 856 990 98
1 285 853 5239
0 681 761 16
1 553 805 4876
1 593 624 5148
0 482 975 95
1 548 699 5098
1 828 875 4467
0 565 731 49
0 651 855 26
0 99 904 58
0 989 995 34
0 45 843 98
1 196 817 4453
1 369 742 5265
1 849 910 4451
1 367 489 4813
1 363 385 3869
0 534 853 90
0 135 811 28
0 77 650 50
0 388 972 33
0 32 670 37
0 608 882 86
0 31 340 73
0 606 924 85
0 672 945 78
0 212 720 67
0 536 603 72
0 583 661 93
0 792 793 42
1 166 348 2348
1 477 602 5472
1 237 705 3542
0 354 401 26
0 114 802 3
0 429 800 18
1 957 964 2119
0 78 667 11
0 237 281 61
1 789 991 6145
0 754 797 84
0 568 855 76
0 384 873 74
1 908 991 2216
0 352 799 53
0 450 496 9
0 197 479 48
0 208 230 43
0 329 505 94
1 470 690 5237
1 228 492 3362
1 298 465 5044
0 249 617 44
0 642 787 42
0 75 315 39
1 120 567 5381
1 772 922 5753
1 365 777 5722
0 498 547 43
0 60 495 18
1 795 874 4763
0 541 635 57
0 555 988 3
1 76 82 1302
0 564 654 68
0 714 779 12
1 712 932 4866
1 821 991 1956
0 799 844 56
0 187 675 41
0 980 993 95
1 778 923 6386
0 832 957 77
1 142 609 4052
0 43 133 10
1 373 758 5701
0 718 966 14
1 773 830 6400
1 355 843 5876
0 98 209 91
0 368 481 16
0 417 720 9
0 308 892 45
0 647 955 95
1 666 750 5950
0 659 779 66
1 325 571 5463
1 44 619 1132
0 609 770 34
1 477 795 5309
1 994 998 389
0 743 920 68
0 417 578 3
0 353 752 85
0 206 890 92
0 789 961 50
0 660 796 69
0 408 880 53
1 248 898 5790
0 913 961 41
0 396 949 14
1 519 662 5977
1 959 983 1690
0 672 686 74
0 278 373 55
0 453 783 30
0 851 974 42
0 567 792 34
1 688 742 7176
0 980 983 84
0 219 965 77
1 177 222 3106
0 868 948 11
0 18 93 43
1 268 721 4577
0 269 349 3
1 38 110 1719
1 719 879 5643
1 254 511 4662
1 938 948 2948
0 508 942 48
0 650 926 44
0 595 658 32
0 734 845 48
1 832 945 3286
0 866 909 4
1 7 212 2364
0 766 828 11
0 915 917 70
0 73 870 25
1 604 761 6774
1 846 856 5994
1 138 205 2572
0 716 945 50
0 64 79 61
1 610 883 7511
0 477 556 69
0 150 937 18
1 711 808 7204
0 638 713 64
1 651 788 7385
1 714 981 3923
1 675 764 7562
0 583 751 96
1 227 526 4268
0 903 918 96
1 992 998 554
0 299 663 36
0 744 943 40
0 465 542 78
1 748 880 5672
1 951 990 1828
0 856 986 26
0 526 655 73
0 188 528 49
0 173 349 85
0 440 676 7
0 727 836 88
1 842 894 5710
0 145 927 89
1 720 975 7491
0 348 668 4
0 675 900 69
0 759 767 14
1 412 727 6523
0 420 543 81
1 178 422 5461
1 733 789 7935
1 822 934 4569
0 863 943 82
1 507 969 6415
0 724 794 64
0 0 370 89
0 612 847 73
1 619 636 7237
1 463 864 6251
0 825 883 26
0 727 960 45
0 383 565 26
1 877 960 5038
0 187 350 98
0 535 604 20
0 703 774 8
0 224 295 67
1 51 347 1882
1 743 777 7882
0 659 979 16
1 194 723 3725
1 623 750 8217
0 573 970 17
0 615 836 13
1 63 389 1663
0 466 938 74
0 875 970 66
1 353 407 4749
0 793 801 84
0 613 661 12
0 269 697 1
0 196 818 99
0 186 308 69
0 707 828 16
0 246 747 99
1 132 968 5373
1 965 973 2192
0 119 939 51
0 317 499 51
1 938 974 2599
0 952 983 21
1 65 334 3586
0 126 336 65
0 322 899 54
1 153 306 4849
1 746 787 8496
1 571 854 7393
0 11 816 96
0 886 952 78
0 474 959 75
1 944 968 3321
0 904 908 35
0 939 958 36
1 775 831 8170
1 47 991 7827
1 209 414 5389
1 659 707 7715
0 541 894 81
0 300 842 89
0 524 947 1
0 92 702 46
0 135 712 25
0 900 900 83
0 9 777 74
0 102 186 85
0 520 671 51
0 926 943 47
0 472 862 64
1 506 871 8109
0 401 942 18
0 465 995 87
0 528 643 50
1 198 783 8457
0 325 370 53
1 732 835 8849
1 699 997 8397
0 256 693 52
1 819 908 6435
0 215 812 54
0 551 808 57
1 92 884 5653
1 522 794 8404
0 770 838 55
0 814 828 8
0 556 911 4
0 290 995 19
0 781 924 7
1 513 859 8616
1 83 885 8818
0 338 603 93
1 257 691 7173
0 85 494 70
1 786 892 7997
0 360 996 31
1 960 981 2757
1 504 815 8042
1 623 856 8541
0 651 709 29
1 556 727 9159
1 423 767 6608
1 483 656 8172
0 241 333 40
0 700 959 57
1 275 513 5888
1 332 683 8736
0 5 506 86
1 199 501 5409
0 410 437 70
1 332 655 7564
1 796 801 8655
0 105 575 2
0 227 884 91
1 968 984 2353
0 583 617 93
1 860 965 6578
0 280 528 35
0 181 722 34
0 552 726 50
0 427 430 23
0 421 572 96
0 465 533 97
0 246 699 63
1 388 556 7064
0 916 922 46
0 31 136 52
1 682 978 4516
0 92 371 47
0 577 855 43
0 894 926 51
0 492 895 1
0 767 810 36
0 870 981 45
0 40 617 99
0 27 421 69
0 664 986 38
1 69 232 2492
0 499 813 69
1 488 705 8090
0 158 401 26
1 343 565 8112
0 521 734 9
0 69 608 3
1 878 882 6659
0 918 996 2
0 668 717 57
0 53 323 57
0 855 986 21
0 189 340 19
0 949 973 54
1 954 966 2659
0 619 664 88
0 821 863 56
1 950 973 2548
1 654 723 8960
0 335 950 86
0 918 927 29
1 951 954 3546
0 496 654 29
1 924 949 3744
1 118 293 4119
0 58 757 55
1 433 450 7419
0 208 772 31
1 710 959 3503
0 312 394 50
0 148 647 57
0 994 995 7
0 798 820 6
0 839 937 75
0 172 717 54
1 252 401 5633
0 388 510 11
0 963 964 51
0 23 990 5
1 186 482 6169
0 526 649 87
0 326 522 86
1 314 320 6470
0 399 902 86
0 431 958 61
0 14 841 90
0 890 940 15
0 3 75 79
0 608 985 18
0 683 840 91
0 956 957 77
1 736 898 9745
0 978 996 20
0 700 989 44
0 190 968 24
0 113 766 83
1 14 578 2798
0 246 616 41
1 862 957 6299
1 511 535 9222
1 830 986 5488
1 444 702 9160
0 992 995 56
0 338 430 40
1 362 658 9945
0 497 530 21
0 442 462 91
0 124 288 31
0 436 974 19
1 802 976 8959
0 51 130 30
0 658 860 79
0 932 935 52
0 84 579 61
1 759 778 9871
1 128 657 9259
1 899 988 3477
0 501 658 70
1 749 946 7651
0 212 956 72
0 668 924 83
1 798 953 8183
0 545 958 26
1 237 558 9465
0 987 995 21
0 415 635 63
0 153 750 17
1 285 692 8092
0 157 251 70
1 604 658 10092
1 178 696 4600
0 323 507 4
1 125 461 4944
0 576 667 65
0 957 997 17
0 328 580 13
0 642 843 86
1 608 826 9860
1 691 808 10220
0 410 604 91
0 379 960 88
1 178 602 10277
1 542 855 10305
0 940 987 6
1 38 682 9942
1 81 519 3169
0 784 854 88
0 679 775 66
1 487 704 9851
0 561 774 19
0 919 926 25
1 888 978 5195
0 893 998 53
0 441 929 95
0 805 936 38
1 473 695 10148
1 836 987 7067
0 234 904 34
0 772 857 61
1 90 927 3544
0 437 517 5
0 275 462 67
1 759 916 7655
1 282 610 7963
0 477 770 5
1 848 991 2627
0 434 883 91
1 606 665 10623
0 535 877 85
0 316 773 36
0 312 672 28
0 754 927 61
0 107 528 20
1 227 633 8935
0 890 958 56
0 675 696 93
1 719 843 11197
1 457 824 10364
1 776 906 9145
0 702 702 34
0 82 848 51
0 333 955 64
0 794 831 87
0 679 923 73
1 178 962 8507
1 747 844 11023
0 134 267 64
1 89 722 10212
1 417 918 11042
0 298 327 81
1 448 887 9832
1 163 888 11341
0 746 997 22
0 395 656 60
0 10 598 88
0 29 695 33
0 782 953 99
1 404 554 8973
0 805 969 31
1 815 914 6793
1 927 949 4191
0 757 993 58
0 690 780 31
1 797 877 10599
1 507 943 10591
0 93 541 99
0 488 864 61
1 500 731 10528
0 877 962 30
1 357 819 10131
1 128 710 10831
1 832 962 6817
1 571 767 10890
1 953 963 3887
0 763 975 91
0 222 891 33
0 406 987 17
0 860 983 22
0 911 926 57
1 719 808 11441
0 615 937 1
0 747 861 34
1 563 911 11247
1 148 561 6711
1 974 998 2453
0 109 320 43
0 309 504 12
0 203 232 72
0 930 957 10
1 380 808 11224
0 469 965 87
0 598 846 43
1 715 891 11386
1 80 137 2874
0 223 624 26
0 182 570 30
1 476 743 11057
1 911 998 2825
1 720 954 4945
0 58 126 60
0 403 864 23
0 915 930 50
