1000
57 97 32 40 37 68 7 31 76 58 90 62 18 3 66 93 59 82 3 86 41 98 43 79 68 89 67 44 12 32 68 98 91 96 61 2 58 39 95 73 47 97 41 71 5 61 93 18 76 63 22 72 52 48 64 45 52 8 61 62 1 66 84 32 9 8 36 34 93 33 53 28 10 41 51 64 63 44 24 39 61 50 6 75 33 96 78 92 82 10 29 63 27 77 81 82 67 95 99 62 85 15 78 97 82 21 76 32 77 88 83 84 27 75 51 38 71 76 94 33 15 57 93 39 67 81 5 4 94 97 60 50 99 75 16 4 26 85 4 34 91 90 39 37 53 82 81 47 79 76 29 0 79 13 75 86 64 54 49 38 94 60 25 68 95 39 93 21 40 21 55 35 4 73 78 93 64 96 21 52 24 82 54 45 13 92 61 67 44 37 26 43 42 50 4 51 16 86 88 12 65 34 81 35 8 90 33 77 56 48 93 74 67 76 52 3 94 52 2 87 27 93 26 69 23 71 68 6 2 29 24 56 84 35 3 70 85 19 25 62 68 19 86 40 23 30 57 36 42 28 17 83 58 50 58 46 28 73 57 42 82 39 79 22 17 85 35 47 5 38 16 74 8 63 56 44 1 14 52 50 48 1 56 97 37 33 15 62 22 54 6 7 76 16 8 31 30 82 62 76 32 83 24 57 34 50 88 84 65 62 68 46 44 30 2 5 87 25 68 91 44 21 53 49 60 25 51 20 24 44 33 3 87 84 11 81 67 28 36 93 70 97 19 40 7 19 35 89 25 70 4 92 7 59 33 55 32 53 28 20 46 31 58 77 45 3 59 64 10 19 50 11 28 8 0 35 85 81 35 67 58 77 97 44 67 30 46 46 55 52 11 10 78 77 23 50 44 59 95 80 36 93 48 10 77 10 59 89 97 42 50 61 47 81 98 80 83 13 61 83 39 2 20 89 12 0 35 77 73 1 63 51 28 66 12 2 42 79 20 76 40 76 24 57 47 42 43 84 24 25 40 60 92 12 55 78 17 60 41 20 50 8 91 57 72 60 25 66 10 55 28 93 17 31 34 51 3 88 16 96 97 64 16 41 12 49 68 81 97 59 83 69 47 52 19 0 32 49 98 51 55 39 73 92 5 34 22 41 83 72 49 75 55 41 85 96 16 78 91 26 99 51 72 25 28 98 7 95 45 12 81 45 41 22 64 4 56 57 29 26 14 73 94 31 53 8 44 63 51 57 41 24 80 95 80 56 79 8 27 81 55 10 49 72 25 96 57 23 93 16 0 73 77 68 47 30 56 66 19 16 50 8 48 9 67 64 15 66 83 72 67 15 45 82 82 56 23 46 25 87 48 76 37 91 47 59 20 89 36 58 71 33 40 79 25 63 29 77 49 62 38 10 67 77 76 44 88 60 70 83 54 61 63 8 14 88 21 81 45 12 36 72 93 59 3 44 1 27 10 26 54 89 72 33 47 95 79 88 43 49 27 15 82 57 83 96 33 76 22 59 66 90 44 9 44 81 79 45 54 93 93 87 34 27 3 81 44 88 59 55 55 27 49 43 27 79 63 5 68 2 27 47 44 69 53 80 79 85 65 78 78 37 2 13 57 60 36 90 72 93 0 64 65 98 9 66 91 47 29 74 18 55 8 96 85 43 31 9 56 93 85 5 48 90 70 67 27 40 38 25 68 35 53 40 75 70 42 72 25 36 85 23 51 88 56 82 51 29 85 29 62 66 82 48 87 5 69 21 77 59 30 77 49 88 14 25 58 54 5 18 93 71 72 16 34 58 55 14 48 99 64 87 85 68 25 58 73 18 10 32 5 40 59 98 45 16 53 5 19 0 46 15 10 36 41 94 33 28 50 91 98 9 92 39 77 31 9 48 25 53 82 27 76 16 95 73 70 69 43 8 92 58 4 75 42 63 18 12 47 29 69 41 7 66 96 89 26 90 83 89 15 54 13 19 91 51 98 41 87 49 39 76 79 81 40 66 32 39 96 67 72 60 71 89 29 3 80 82 12 19 22 17 99 84 2 26 44 49 53 74 76 14 26 95 14 61 9 57 44 38 49 70 36 26 1 85 35 33 57 77 55 92 91 28 77 93 93 14 97 46 36 72 96 70 75 29 63 57 88 39 22 18 25 73 4 67 63 12 41 26 79 79 35 22 14 47 69 51 67 26 45 85 78 64 57 81 20 20 56 35 76 69 91 60 8 44 66 27 52 75 51 2 37 34 68 57 2 93 43 79 
1 437 452 24
1 33 106 95
0 662 680 8
0 897 904 72
0 132 570 64
0 168 415 29
0 840 889 49
1 408 563 88
0 3 432 7
0 961 992 34
1 299 986 48
1 41 900 110
0 818 912 47
1 422 546 109
0 581 767 67
0 834 896 58
0 692 842 62
1 907 987 42
0 142 476 5
0 772 843 21
0 196 717 48
0 289 822 25
0 449 683 63
0 881 898 44
0 480 769 28
1 41 936 122
0 133 745 86
1 378 849 223
1 423 785 347
1 389 558 326
0 90 606 66
1 775 804 122
0 731 937 87
1 432 448 360
1 618 670 361
0 33 942 91
1 82 991 395
1 258 591 437
0 550 985 73
1 648 716 507
0 228 262 91
1 75 492 379
0 358 786 35
0 818 972 24
0 148 183 98
0 331 468 31
0 293 652 45
0 540 751 31
0 151 219 55
0 850 966 61
1 507 541 636
1 735 936 412
0 11 870 39
0 950 987 76
0 180 873 10
1 395 602 587
0 89 413 58
0 566 945 99
0 634 959 80
1 678 752 828
1 460 646 816
0 374 760 23
0 478 697 59
1 67 571 757
0 41 169 49
0 918 989 20
1 712 844 754
1 454 503 729
1 699 735 844
1 748 887 642
1 866 926 758
1 309 327 617
0 407 676 40
0 522 619 21
1 123 910 987
1 769 873 730
0 336 755 31
0 146 689 96
0 429 973 13
1 789 801 605
0 1 143 9
1 887 949 771
1 644 676 1116
1 249 792 1088
0 376 430 34
1 526 621 1052
1 649 894 793
0 83 242 61
1 33 809 618
0 442 959 36
0 475 851 83
1 409 750 978
0 243 610 30
1 769 971 782
1 427 575 1096
0 656 722 21
0 125 843 17
0 510 791 26
1 212 396 785
0 682 991 96
1 755 902 901
1 657 851 1013
1 61 978 654
0 899 920 75
0 306 558 42
0 329 359 47
1 853 980 491
1 407 501 879
1 152 996 903
0 876 932 96
0 256 987 7
0 105 665 37
0 12 388 13
1 38 198 880
1 817 937 892
0 822 936 44
0 64 70 22
0 26 51 66
1 130 294 874
0 458 504 30
1 78 632 750
1 681 696 1280
0 916 948 35
1 83 314 900
1 532 883 1069
1 595 598 1407
1 199 425 785
1 71 573 1273
0 750 883 79
0 220 280 44
0 377 783 31
1 235 275 887
0 15 149 16
1 2 441 248
1 391 838 1243
0 940 952 94
0 687 835 86
0 505 963 15
0 822 964 4
0 245 558 73
1 359 897 1157
0 548 834 46
0 40 809 68
0 991 995 96
0 943 970 56
0 310 690 56
0 295 987 36
1 976 998 177
0 830 885 91
1 462 561 1427
1 877 940 1010
0 45 556 91
0 986 991 58
0 302 429 24
0 231 325 74
0 213 768 7
1 101 863 1579
1 863 993 1036
0 60 712 42
0 815 822 81
1 686 992 1393
1 62 375 1357
1 478 960 1603
0 621 913 86
1 238 561 1810
1 787 813 1319
1 129 941 899
0 946 971 88
1 322 657 1675
1 72 818 1418
0 295 915 89
0 796 934 72
1 724 961 1614
1 172 262 1048
0 44 627 35
0 975 986 47
0 573 656 28
0 722 907 69
0 338 508 88
0 230 386 59
0 451 867 32
1 854 945 1193
0 169 904 21
1 350 982 1710
1 533 562 1964
0 316 513 4
1 674 708 1923
1 317 585 1755
0 706 846 84
1 593 875 1922
0 274 781 2
1 416 497 1603
1 697 956 1711
0 53 338 73
0 778 834 21
0 364 738 84
1 195 333 1427
0 43 593 12
0 534 894 86
0 435 692 21
0 968 971 57
1 40 642 1159
1 530 678 2052
0 582 750 87
1 18 777 1812
1 759 960 1652
0 534 818 47
0 570 862 52
1 657 718 2219
0 295 628 29
1 215 755 2174
0 93 761 20
0 685 998 33
1 222 473 1723
0 262 630 26
0 892 983 46
1 477 546 2080
1 739 821 1869
0 519 780 72
0 909 978 52
0 124 423 49
0 796 827 99
1 110 554 1260
0 382 563 32
0 549 941 29
0 207 943 13
0 547 926 35
1 972 997 296
1 648 676 2368
0 771 940 9
1 877 933 1641
0 914 965 55
0 401 437 63
0 425 627 2
0 798 860 88
0 118 154 81
1 994 995 163
0 333 847 27
0 778 780 44
0 289 757 75
1 964 969 796
1 40 917 2241
1 190 578 1149
0 81 126 99
1 303 826 2508
0 572 661 87
0 423 746 99
1 193 701 2461
1 585 737 2682
1 591 682 2806
1 32 655 892
0 511 648 59
0 111 240 34
0 493 646 42
0 828 879 54
1 231 967 2145
1 8 726 2112
1 541 620 2707
0 48 891 14
1 967 977 762
0 368 906 91
0 1 585 56
0 426 539 43
1 907 941 1346
1 378 387 2267
1 246 946 2408
0 367 410 79
0 910 914 19
1 432 464 2244
1 902 986 1543
0 45 55 63
0 645 954 81
1 263 860 1887
1 967 997 537
0 528 921 40
1 708 879 2453
0 67 739 71
1 925 942 1343
0 918 940 80
1 758 940 2371
1 623 798 3098
1 884 994 1086
0 470 792 90
0 632 774 42
1 435 768 2914
1 693 719 2929
1 701 790 2983
0 476 782 84
0 831 851 37
0 75 985 12
1 542 815 2424
1 862 882 2015
1 117 288 1698
1 734 747 2994
1 441 545 3062
0 927 942 87
0 667 895 59
0 515 667 54
0 498 894 85
1 488 931 2679
0 90 851 23
0 490 528 16
1 591 922 3277
0 161 811 33
0 313 907 85
1 106 577 1684
0 497 976 51
0 497 905 76
0 739 897 86
0 301 565 43
0 21 841 9
0 113 717 23
1 357 445 2527
0 636 811 23
0 109 678 55
0 790 903 64
0 862 914 26
0 418 684 29
0 990 996 77
0 635 863 72
1 796 950 2741
1 814 873 2479
1 302 426 2163
0 176 905 3
0 658 933 70
0 1 96 63
0 190 700 9
0 493 790 14
1 38 789 1789
1 253 595 2781
0 458 826 43
1 359 975 2975
0 730 814 14
1 107 420 1792
0 688 881 27
0 346 882 96
0 881 883 37
1 459 785 3778
0 363 391 75
0 957 964 2
1 95 205 1234
1 706 872 3893
0 981 989 23
0 762 966 82
1 551 587 3988
0 860 962 23
0 208 952 41
1 502 597 4034
0 163 348 11
0 678 798 1
1 963 988 640
0 227 642 52
0 663 781 62
0 785 812 96
1 588 928 3937
0 417 989 82
0 761 854 81
1 801 933 2987
0 934 981 30
0 116 948 98
1 250 250 2006
0 469 636 9
0 513 971 92
1 40 792 1925
0 128 295 88
1 765 916 3807
1 602 856 4188
0 716 846 34
0 737 992 51
0 51 176 35
0 389 575 50
0 610 657 3
0 887 994 56
0 165 805 46
0 82 399 61
0 233 810 83
0 970 970 37
1 574 865 4150
0 36 725 88
0 282 853 83
1 97 830 4605
0 494 890 76
1 884 946 2001
0 759 943 88
0 201 675 91
1 2 364 909
1 670 917 4269
1 107 905 4782
1 194 722 4646
0 166 774 45
0 946 983 96
0 310 813 7
1 72 115 1358
1 184 868 2534
1 926 983 1193
1 47 794 4826
1 41 206 1317
0 489 954 83
0 597 625 52
0 791 821 11
0 643 796 18
1 887 894 3195
1 841 990 3515
1 963 967 1336
0 892 980 87
0 684 976 37
0 573 868 65
0 35 810 88
1 387 754 5028
0 791 847 76
1 852 876 3766
0 642 929 8
0 429 918 1
0 876 955 71
1 23 394 1032
0 754 943 46
1 170 329 2076
0 471 988 81
1 811 840 4468
0 755 773 33
1 714 799 4775
1 101 305 2321
1 491 861 5119
0 593 758 1
0 268 723 83
1 409 988 4269
1 968 980 1449
0 890 935 95
0 236 967 43
0 289 364 5
0 937 944 73
0 88 392 89
1 367 426 3914
0 994 995 62
0 986 988 11
0 542 814 91
0 873 926 3
0 288 288 8
1 730 920 3826
0 679 829 63
1 557 813 5114
1 531 745 5374
0 931 964 23
1 107 707 2771
1 926 930 2840
1 844 985 938
0 635 793 83
1 725 727 5286
1 337 897 4736
1 218 945 2894
1 280 449 3358
0 884 996 30
0 97 122 70
1 622 665 5339
0 827 831 19
0 483 701 46
1 604 775 5626
1 164 745 3083
1 901 998 1049
1 99 218 1961
1 480 612 4339
0 181 326 15
0 892 997 51
0 116 536 36
0 671 889 64
0 385 971 9
0 94 237 75
1 852 856 4188
1 595 779 5358
1 982 997 380
1 816 924 4502
0 690 752 70
1 254 736 5439
0 804 841 28
1 537 956 3260
0 183 878 9
1 360 440 3812
1 415 723 5393
0 993 998 30
0 191 935 78
0 469 608 16
0 253 379 77
1 337 470 3793
1 12 68 322
1 99 587 2378
1 749 835 5445
0 231 843 53
1 493 612 4983
0 847 874 37
0 461 964 68
0 992 997 87
1 176 495 3915
1 539 890 3788
0 181 248 29
1 725 963 5214
1 392 407 3913
1 325 899 3908
1 73 831 3161
1 421 502 4070
1 418 921 5827
1 820 932 4091
0 794 937 42
0 100 591 50
0 579 770 74
1 238 620 3523
0 630 787 99
1 929 971 1918
0 389 874 12
0 489 873 78
1 599 781 5898
0 367 374 92
1 659 988 3156
1 334 430 3942
0 592 855 40
0 252 440 60
0 641 914 92
0 489 767 16
1 497 936 4315
1 955 965 1779
0 142 393 45
0 763 897 36
0 318 764 23
0 508 969 80
1 639 867 5902
0 181 334 25
0 303 839 61
1 701 994 5813
0 434 679 84
0 93 413 86
0 72 906 37
1 239 475 4309
1 747 886 4053
0 321 754 41
1 732 795 6041
0 837 963 99
1 861 955 3962
0 277 890 36
1 25 138 2140
0 382 872 10
1 243 966 3230
1 83 678 4523
1 416 792 4542
0 16 939 11
1 653 862 5804
1 692 751 6365
0 256 493 97
0 289 710 78
0 301 684 84
1 38 752 5193
1 878 957 3941
0 279 683 63
1 937 940 2787
0 120 385 35
1 748 950 2463
0 709 911 1
0 12 331 70
1 166 357 3973
0 565 651 24
0 89 567 21
1 756 794 6208
0 735 965 50
0 399 489 47
0 808 974 68
1 363 714 4876
0 854 882 80
1 813 905 4785
0 307 646 10
1 58 373 2623
0 138 474 93
1 1 215 343
1 154 722 4768
0 258 843 46
1 900 950 3427
0 876 882 10
0 205 915 22
1 685 772 6219
0 316 392 15
0 254 356 64
1 711 834 6039
1 499 934 6050
0 502 917 44
0 911 966 65
1 457 979 6468
0 406 977 17
1 674 699 6797
1 770 847 6074
1 865 898 4502
0 797 981 64
0 263 700 19
0 980 986 33
0 149 742 20
1 876 955 3610
1 28 142 2533
0 73 559 74
0 403 420 97
1 773 843 6126
1 196 196 3009
0 56 469 35
1 762 971 6126
0 674 956 10
1 581 928 4879
0 571 860 72
0 511 729 14
0 947 985 6
0 715 730 62
1 7 623 1068
0 202 269 67
0 274 598 14
1 962 984 1058
1 603 625 6707
1 788 989 5826
0 752 796 12
0 653 835 48
0 613 911 9
0 759 914 89
0 57 511 77
1 203 686 7083
0 401 528 81
0 245 845 73
1 523 927 6628
1 238 986 6930
0 570 604 3
0 150 748 71
1 311 556 5070
0 725 940 24
0 105 976 31
0 283 987 90
0 501 641 55
0 103 780 37
1 469 475 5823
1 479 563 6708
0 236 797 42
0 380 919 99
1 758 866 5393
0 721 809 56
0 833 879 45
0 293 977 51
1 807 867 6411
1 273 788 7411
0 927 967 11
0 407 628 86
0 322 340 81
0 785 867 23
1 580 968 5380
1 258 645 6771
0 994 994 72
0 453 901 19
0 404 439 73
0 462 777 24
1 649 781 7652
0 107 591 6
0 697 875 58
0 851 865 95
1 346 634 6143
0 356 837 14
0 570 887 5
0 602 833 14
0 511 732 33
0 712 981 86
0 59 925 27
0 343 451 30
1 75 233 3485
0 715 865 85
0 252 541 92
1 295 447 5557
0 575 783 91
0 54 519 13
0 429 910 28
0 393 977 21
1 308 365 5608
0 680 990 14
0 174 235 40
0 409 482 91
1 424 425 6073
0 966 996 97
1 494 782 7460
0 79 559 82
1 79 383 4888
0 800 936 44
0 964 969 68
1 224 784 5277
0 538 900 27
0 718 912 20
0 838 933 87
1 877 956 2705
0 322 561 75
0 36 69 88
0 175 379 13
1 420 542 6878
0 311 941 92
1 959 962 2671
1 956 985 2627
0 682 977 20
1 882 983 1259
0 741 789 24
0 241 453 24
0 94 608 52
1 40 763 7715
0 764 804 20
0 248 917 19
1 782 943 5677
1 515 939 7307
1 695 719 8025
1 515 728 8028
0 733 881 95
1 922 994 4052
1 600 899 6576
0 14 565 19
0 878 905 91
0 869 954 17
1 73 479 1914
0 261 414 27
0 250 787 50
1 80 439 3549
1 349 641 7472
1 464 624 7968
0 80 384 67
0 514 887 8
1 450 869 8051
1 636 757 7769
0 943 963 43
1 516 667 7920
1 295 759 7154
1 719 722 8182
1 887 971 2255
0 913 918 12
1 820 880 6990
0 715 960 99
1 538 829 8246
0 162 321 57
1 130 613 3920
0 804 974 82
0 233 237 52
0 448 807 17
0 580 677 61
1 476 535 7474
0 151 469 86
0 838 964 28
1 947 951 3417
0 647 769 30
1 431 630 8078
0 394 969 25
1 527 664 7949
1 797 934 7382
0 307 496 20
1 288 392 6231
0 262 273 51
0 88 245 30
1 218 883 7451
1 939 977 2837
0 868 886 85
0 474 713 31
0 941 985 61
0 147 658 43
0 972 994 81
0 858 910 4
1 725 820 8203
0 185 752 45
0 222 370 3
1 198 673 8126
0 399 463 64
1 958 988 1880
1 406 911 8257
0 618 712 82
0 503 730 92
0 124 440 41
0 600 853 59
1 569 802 8320
1 421 585 7756
0 187 592 45
1 280 388 6342
0 917 949 17
0 496 790 37
1 661 717 8564
1 436 684 8591
1 101 128 2882
1 163 243 3752
0 182 187 84
1 720 885 7668
1 222 735 8391
0 63 917 46
1 616 970 8554
0 557 718 86
0 203 251 69
0 180 275 99
0 214 785 62
0 270 869 80
1 889 912 5652
0 958 974 56
0 704 919 12
0 207 953 22
0 197 937 46
1 439 831 8528
1 452 669 8696
1 863 898 6429
1 205 574 8094
1 363 873 8862
1 552 979 8291
1 25 499 2990
0 311 439 74
0 314 989 85
0 975 975 70
1 853 870 7142
1 341 431 7231
0 839 941 52
1 689 769 8344
1 64 152 3170
0 675 902 23
1 578 951 9004
1 773 981 5936
0 993 995 80
1 385 519 7151
1 377 512 7270
0 556 809 57
1 779 921 6167
0 335 736 79
1 420 479 7288
1 732 905 5739
0 445 902 76
0 331 986 27
0 357 760 21
1 494 553 8336
0 42 806 14
0 231 463 43
0 425 490 50
0 650 676 55
1 769 996 6592
0 78 978 46
1 574 889 7976
0 754 850 65
0 114 993 95
1 216 603 7092
0 592 666 72
1 232 488 5677
0 943 954 24
0 427 452 79
0 231 393 14
0 495 584 67
0 671 819 79
1 49 195 3685
0 325 559 28
1 85 860 9218
1 349 737 9350
0 95 365 17
0 926 960 45
0 774 894 38
0 801 837 89
1 390 718 7794
1 429 677 9533
0 722 811 58
1 764 775 9197
0 692 734 62
0 680 911 27
1 567 916 8787
0 989 998 16
0 813 848 42
0 124 168 17
0 572 887 83
0 388 532 2
0 749 808 39
0 904 997 84
1 744 902 6245
0 136 446 13
1 797 982 8908
0 27 588 3
1 959 973 2410
1 812 927 6880
1 693 865 8072
1 430 435 7820
0 93 889 66
0 531 868 2
0 723 953 12
0 166 319 27
0 124 769 67
0 49 458 20
1 860 909 6762
0 481 672 62
1 292 835 8592
0 889 908 69
0 880 918 70
0 972 994 31
0 199 754 64
0 497 845 21
0 494 561 99
0 697 817 63
1 938 984 3279
1 326 753 9512
0 466 482 7
0 297 446 20
1 235 495 7993
0 980 983 40
1 741 922 8931
0 125 318 2
1 539 813 9893
0 355 861 15
0 577 964 63
0 375 920 65
1 186 240 4692
1 724 875 9715
0 658 709 21
1 208 789 7691
1 494 652 10029
1 903 912 5619
1 228 385 7838
0 861 874 6
1 907 956 4887
0 356 412 4
0 207 872 3
1 801 924 6357
1 119 315 4097
0 311 885 53
1 327 594 9404
1 819 991 6711
0 175 769 26
1 904 995 3983
1 252 566 5885
1 176 465 5325
0 627 968 93
0 307 322 9
1 697 783 10164
1 711 798 9748
1 649 941 8328
0 819 837 4
0 567 922 66
1 988 989 1140
0 154 382 50
0 41 497 41
1 70 942 10223
0 409 867 50
1 914 948 4980
0 945 956 89
0 834 875 55
1 325 385 7890
1 719 841 8994
0 62 807 94
1 70 728 10442
0 189 831 53
0 458 575 90
0 539 895 82
0 641 714 47
0 657 976 77
0 271 893 71
0 327 568 81
0 241 412 17
0 732 878 22
1 665 783 10650
0 259 306 27
0 478 714 35
0 874 909 83
0 646 731 39
1 202 461 8445
0 30 422 89
1 137 160 4190
0 834 863 52
0 170 276 32
0 742 754 28
0 275 649 1
1 599 837 10193
0 453 799 30
0 782 877 77
0 889 997 45
0 174 440 1
1 744 948 6721
1 740 825 9883
1 550 899 10327
1 783 826 9643
0 261 267 42
0 764 953 63
0 900 996 59
0 784 937 54
1 864 957 4202
1 684 970 9979
0 810 810 54
0 765 908 25
1 206 960 7341
1 139 362 5739
0 478 635 56
0 688 859 77
1 816 851 9489
1 690 901 9457
1 568 958 10677
0 14 686 3
0 274 816 16
0 968 994 36
0 334 391 30
0 806 867 49
0 291 635 63
1 781 963 5739
1 738 993 7341
0 895 949 37
0 860 924 21
1 242 899 10794
1 589 674 10546
0 966 991 66
0 384 705 22
1 889 980 3871
0 649 825 41
0 703 868 33
0 771 985 77
0 831 989 75
