1470 2
1155 2
2682 2
2702 3
2523 2
2244 2
1360 2
2729 3
1899 1
2467 2
1456 2
2059 2
1987 2
2814 2
2286 1
2293 3
1181 3
1467 1
1779 2
2346 3
2704 3
1564 1
2946 2
2550 3
2567 1
1475 3
1408 1
1728 3
1617 3
1471 2
2529 1
2852 1
2578 2
1386 1
2876 2
2713 2
1100 2
2999 3
1038 2
2423 3
2869 2
2429 3
1656 2
1938 1
1392 3
1248 1
2161 1
1276 3
2703 2
2599 3
2551 3
2294 3
2041 1
2226 3
1293 1
2424 3
2250 2
1996 1
1713 1
2949 3
1765 1
2458 1
1550 3
2874 3
2167 1
2065 3
1728 2
2881 1
1152 3
2009 2
1781 3
1186 2
1900 1
2189 1
1021 2
1156 3
1591 2
1524 3
2804 1
2210 2
1797 2
2196 2
1614 3
2221 2
2383 1
1402 1
1507 2
1691 1
2240 3
2480 3
2751 1
2653 2
1681 2
1306 3
2332 1
1351 3
1191 2
2319 1
2422 3
1826 1
3000 3
1957 1
1636 2
1672 1
1798 2
2106 3
2374 1
2735 3
1467 2
2162 2
1443 3
1752 3
2898 1
2880 3
2940 1
1715 2
1481 2
2696 2
2467 3
2288 1
1719 3
2620 3
2858 1
1520 1
2536 2
2257 2
2843 3
2889 1
2019 3
1592 2
1391 3
2520 1
1119 1
2844 1
2619 2
1338 3
2307 3
2366 1
2690 3
1200 1
1019 3
2347 3
1087 3
2524 3
1101 1
1487 3
2878 2
1224 1
1378 2
2268 3
1212 1
2398 2
2333 3
1379 1
1477 1
1474 1
2562 3
1736 2
1347 1
2761 1
2596 2
2737 2
1708 2
1649 1
1459 1
1709 1
2596 3
2909 2
2416 3
2466 3
1314 2
2788 1
2141 2
2019 2
1214 3
2168 1
2933 3
2362 3
2762 3
2918 3
1441 2
1780 3
2568 1
1043 3
2494 3
2404 1
1155 3
1839 3
1989 3
2288 3
1301 3
1714 2
1117 1
2715 2
1755 1
1844 3
2518 1
2906 3
2287 3
2127 3
2655 2
1526 3
2853 3
1859 1
2784 1
1862 1
1680 3
2335 1
2136 2
1288 1
2773 2
2510 2
2904 1
1446 2
1549 3
1886 2
1821 3
1875 3
2208 1
1771 1
2977 2
2885 2
2331 1
1140 2
1220 3
2020 3
1719 1
1350 1
1632 3
1611 3
2326 1
2699 1
2847 2
2147 3
2353 2
1379 1
2739 1
1880 1
1404 3
2074 2
1284 2
1427 2
2638 3
2185 3
1712 1
2090 3
1669 1
2619 2
2518 2
1199 2
2108 1
2234 3
2512 1
2153 3
2703 2
2315 3
2412 3
1323 2
2727 3
1339 1
2007 3
1110 3
2351 1
2348 1
1649 2
1555 1
1100 3
2692 2
2080 1
1905 2
1448 2
2214 3
2107 3
2014 2
1619 1
1769 2
2966 1
2723 1
2121 2
1456 3
2838 1
1670 1
2090 2
1021 3
2730 1
1863 1
2424 2
2692 3
2377 1
2087 1
2329 2
1923 3
1368 3
2319 3
1618 2
1471 1
2509 1
1115 3
2452 1
2627 2
1597 3
1269 2
1899 1
1806 3
2811 2
2250 3
2828 3
2383 3
2095 3
1977 1
2167 3
2765 2
1267 2
2387 3
1016 3
2758 1
2879 3
1842 3
2736 1
1656 3
2451 3
2106 1
1516 3
2572 2
1418 3
1029 3
1188 3
2495 3
1343 2
2108 1
1644 2
2202 3
2931 2
1119 3
1407 1
1249 2
2122 2
2204 3
1080 1
2517 1
2902 2
2437 2
2393 3
1056 2
1064 3
2474 2
1659 2
1900 1
2129 1
2459 1
2430 3
1251 3
1500 2
2297 1
1064 3
1349 3
1140 2
2555 3
1796 1
1282 2
2925 1
2378 1
1710 2
1909 3
2440 1
1996 3
1824 2
2502 3
1359 1
2935 2
2066 2
1051 1
2671 3
2564 2
2812 2
2888 3
1522 3
1528 2
1352 1
1342 3
1058 1
1087 2
2629 2
1527 3
1078 2
2616 1
2949 2
1748 3
2899 3
1388 3
2262 3
1650 3
1574 2
2314 2
2452 2
2499 3
2988 2
2014 3
1660 1
2148 2
2933 3
2114 2
2855 2
2027 2
2785 1
1854 1
1792 3
2623 3
2703 3
2723 1
2381 2
1386 1
2157 1
1693 3
2532 2
2253 1
2965 2
1834 3
2290 1
2509 3
1864 2
1530 3
1250 3
1211 1
2043 1
1808 3
1417 2
2683 2
2603 2
1874 2
2962 1
2841 2
2584 2
1275 3
2624 3
1679 1
2599 1
2391 1
1983 2
1649 2
1375 3
2445 3
1993 2
2308 3
2428 3
1510 1
1429 3
2078 2
2766 1
2640 1
1613 1
1657 1
2709 3
1160 1
2030 3
1033 2
1583 3
2885 3
2880 2
2253 1
1525 2
1033 3
1743 3
2610 2
1555 1
2903 3
2697 2
1442 3
1212 1
1903 1
2576 1
1845 1
1463 2
2880 3
1215 3
1761 1
1737 3
1000 1
2140 2
2635 3
2954 3
1362 3
2872 3
1956 3
1049 3
2377 3
1684 2
2981 1
2013 2
1882 3
2082 2
1016 1
1770 1
1507 2
1734 1
2020 3
2216 1
2178 1
1717 2
2204 3
1915 1
2472 2
1794 3
1006 2
2157 1
2646 1
1957 3
2717 2
2084 3
1709 3
2477 3
2937 2
2203 3
2104 2
1431 1
2320 3
1825 3
1237 3
2621 2
2637 1
2973 2
2837 3
2593 3
1049 3
1421 3
2213 2
1574 1
1005 3
2640 2
1480 1
2638 3
1212 1
2584 2
2523 1
1798 1
2616 1
2182 1
2853 3
1275 2
2391 2
1313 1
2612 1
2273 2
1028 2
1049 3
2393 2
2232 2
1940 3
1390 3
2619 1
2685 1
2602 2
1004 3
2748 3
2904 2
1205 2
1873 2
2487 1
1452 2
1699 1
1275 3
2997 1
2082 1
2075 3
2660 1
2361 1
2888 1
2297 3
2041 2
2908 3
2956 1
1405 3
1162 3
2590 1
2070 2
1762 3
2658 2
2488 2
2369 3
1051 2
2682 2
1648 2
1218 2
1902 2
2939 3
2881 1
1797 1
2959 3
1824 2
1368 1
1982 2
2437 1
2426 2
2601 1
2466 2
1499 3
1884 2
1919 2
2979 2
2781 2
2391 3
2564 2
1139 3
1296 1
2492 3
2106 3
2003 2
1854 1
1979 2
2990 1
1968 1
1432 3
2149 3
2550 1
2703 1
1144 1
1523 2
2648 2
2357 2
2532 2
1346 1
2360 2
2112 3
2879 2
2190 2
2251 3
1653 1
2235 1
2260 2
1727 3
1681 3
2606 3
2296 1
1574 1
1248 2
2225 3
2136 1
2585 1
1970 2
1013 3
1906 2
2787 1
1343 2
2380 1
2606 3
1962 3
1212 1
2039 3
2774 1
2711 2
1022 2
1154 2
2734 1
1965 1
2853 1
2893 3
1631 3
1719 3
1202 3
2344 2
1264 2
2354 3
2382 3
2250 2
1185 1
1870 2
1263 2
2460 3
1375 2
2684 1
2290 2
1270 2
2494 3
2666 1
2092 3
1740 2
1600 2
2151 3
2391 2
1336 1
1160 1
1600 1
1826 2
2166 1
2791 2
2547 1
1435 2
2174 3
1061 2
2249 3
1832 1
2475 3
2148 2
2878 2
2814 2
2661 1
2045 1
2812 3
1878 1
1463 2
2044 1
1511 3
1154 3
2170 1
2826 1
1719 1
2209 1
2503 2
2482 2
1098 1
2413 1
1873 2
2473 3
2852 3
1752 1
1698 3
2985 3
1800 2
2081 2
2827 1
1719 1
2730 2
1185 2
1479 1
2906 3
1507 1
1995 1
1344 3
2891 3
1953 1
2514 1
1710 2
2291 2
2587 1
1304 3
2190 1
1664 2
2823 3
1217 3
1199 2
2957 3
1870 2
1219 3
2393 2
1112 1
1923 2
2251 3
1809 1
2267 2
1209 3
1422 1
1929 2
1497 1
2140 3
1000 2
1035 1
1146 3
2691 2
1503 3
1925 1
1252 3
1573 1
1920 3
1966 2
1601 3
2428 1
2212 1
1621 2
2619 1
2325 1
2131 2
2479 2
1785 1
1945 2
1433 3
2957 2
2595 1
2229 2
1209 2
1906 2
2358 1
1186 3
2449 3
1426 2
1319 1
1013 1
2736 2
1167 2
1958 3
2020 3
2948 1
1361 2
2655 1
1972 3
2147 2
2116 1
1550 2
1197 2
2183 2
1655 1
1810 2
2451 3
1194 3
2926 2
1509 1
1972 3
1691 1
2913 3
2248 3
2331 2
2247 2
2281 3
2563 1
2015 2
1939 1
2690 3
1777 1
2076 1
2797 3
1767 2
2896 2
2877 3
1612 2
2160 2
1123 3
1003 2
1944 1
1842 2
2588 2
2627 1
1084 2
1096 3
1903 2
1128 3
2893 3
1631 3
2780 1
1102 1
1583 1
1963 3
2191 1
1243 2
2795 1
1734 2
1392 1
2116 1
2913 2
2569 1
2077 3
2139 3
1068 3
2775 1
1817 1
2392 3
2023 1
2891 2
1774 2
1782 2
2399 1
2726 1
1112 2
1400 3
1439 3
1879 1
1218 3
2419 3
1902 2
2621 1
2925 3
2450 2
1227 2
2669 1
2224 2
1520 2
1919 3
1826 1
2139 2
1328 3
1856 2
2343 2
1068 2
2909 2
1756 1
1586 3
2282 2
2265 2
1009 3
2555 3
1958 3
1367 3
2922 2
1088 3
1450 1
2413 3
1352 2
2376 3
1359 2
2851 2
1485 1
1615 1
1768 2
1191 1
2543 3
2087 1
2352 3
1161 1
1120 1
2816 2
2918 3
2538 2
1679 2
2550 2
2597 3
2101 3
1788 1
2530 2
2387 3
2873 2
1156 1
2311 2
1160 2
2638 2
1447 2
2451 1
1414 2
1073 1
1626 3
2373 1
1391 1
2440 3
2435 1
2874 1
1258 2
1780 1
1735 1
1105 3
2207 2
1881 3
2655 1
1268 2
2345 2
2148 3
1261 1
1105 3
2447 3
2852 2
2342 1
1739 3
1911 2
2507 3
1060 3
2071 1
1125 2
1789 1
1007 1
2809 1
1129 2
2186 1
2980 3
1323 3
1976 1
1623 3
1718 2
1156 1
1315 2
2120 2
2017 3
1996 1
2287 2
2554 1
1543 1
1074 1
1565 3
1094 3
1270 1
1153 2
2547 3
1203 2
1913 1
1466 3
1442 2
2235 2
1651 1
2867 3
2251 2
1473 2
2071 1
2741 2
2551 1
2092 3
1630 3
2310 2
2853 3
1163 3
2885 2
2337 3
2979 3
1582 2
1804 1
1268 3
2142 2
2496 2
1956 3
2955 3
2179 1
2945 2
1987 2
1925 2
1727 3
2889 1
2635 3
1850 2
2278 1
1711 1
2447 1
2228 3
1448 1
1270 2
1037 1
1161 3
1486 3
2784 1
2161 3
2314 3
1984 2
2089 1
2158 3
1334 3
1600 1
2527 1
2077 1
1218 1
1335 3
2051 3
1521 1
1057 2
1553 1
1317 3
2408 2
2461 2
2204 3
1668 2
1560 2
1682 2
1240 2
2606 2
1286 3
2935 3
2544 3
2957 3
2700 2
2229 3
2325 3
2377 3
2732 3
2290 3
1978 1
2390 3
2567 2
2290 1
2091 1
2265 2
1186 1
2191 3
1745 1
2716 1
1960 1
2006 2
2334 1
1025 2
2200 2
1451 3
1291 2
2660 2
2459 2
2565 1
2944 2
1505 1
1355 3
2089 2
2100 1
1463 3
2961 3
1119 3
1586 1
1124 3
2422 2
1024 3
1394 2
1943 2
1351 1
1793 1
1328 1
2999 1
2430 1
1716 1
2209 2
2834 3
1993 1
1526 1
2174 3
1562 3
2366 3
2125 1
1208 3
2533 1
1023 2
2219 2
1426 1
2961 1
2831 2
2422 2
1776 1
2517 3
2568 3
2736 1
1352 3
1486 2
2300 3
2937 3
1670 1
1248 2
2266 3
1140 1
1096 3
1907 3
1774 2
1710 3
2396 2
2494 3
2139 1
2877 2
1444 3
1014 1
1990 3
2784 3
2150 1
2735 2
1592 2
1119 2
1376 3
2750 2
1972 2
1113 1
2164 1
1534 1
2833 3
2293 2
2082 2
1982 1
1462 3
2803 1
2004 2
2695 3
2036 3
1052 3
2935 3
2826 3
1311 2
2720 3
1683 3
1067 3
2620 3
2474 1
2986 2
1647 1
1825 2
2331 2
2152 1
2670 2
2462 3
2798 1
1461 2
2997 2
1678 2
1965 3
1803 3
2707 1
2567 1
1478 1
1684 2
1388 3
1754 1
1900 2
1036 3
1793 2
2074 3
1944 2
1798 2
2521 3
1399 2
2074 2
1912 1
1972 3
1548 3
2711 2
1781 3
2466 3
2375 2
1714 2
2982 3
1890 3
1060 1
2936 1
1275 2
2297 1
2426 2
2518 2
2780 3
2437 3
1793 1
1227 3
2458 1
1496 1
2602 3
2199 1
1602 2
1908 3
2258 2
1608 3
2930 1
2360 2
1136 3
2082 1
2879 1
1941 2
2991 3
1856 2
1905 2
2738 2
2257 2
2980 1
2711 1
1382 2
1621 1
2000 3
2075 1
2153 2
1568 3
2514 3
2028 1
1098 1
1648 2
1328 2
2707 2
1713 2
2811 2
2501 2
2167 1
1708 1
2852 2
1666 2
1100 2
2185 3
2703 1
2761 2
2103 2
2486 1
2793 3
2708 2
1339 2
1299 1
2159 1
2595 3
2783 3
2740 3
2845 3
2521 2
2070 3
1019 3
2439 3
2354 2
1272 1
2413 2
2860 2
1703 2
1853 3
2631 1
1180 3
2540 2
2620 3
1088 2
1123 1
2990 2
1867 1
1948 1
2520 1
1222 3
1079 1
2325 2
2957 1
1277 3
2537 3
2130 1
2470 3
2100 2
2127 2
2680 2
1913 2
2716 3
2783 1
2126 3
1311 1
2113 3
2423 3
1445 2
1609 1
2929 3
2271 1
1249 3
1070 2
2803 2
1466 3
2512 1
1531 2
1394 3
1343 2
1852 2
2349 2
2683 2
2730 2
2037 1
1834 1
1274 2
1417 1
1379 1
1298 1
2242 1
1059 2
1841 1
1993 1
2965 2
2440 2
2137 1
1942 1
2453 1
2262 2
2368 1
1996 1
1435 3
1005 1
1055 2
1682 2
2752 1
2904 3
1735 2
2091 1
2035 2
1582 1
2052 3
1871 1
2741 1
1305 2
2096 2
2487 1
2469 2
1945 3
2519 1
2416 3
1939 3
2372 2
1441 2
2419 1
2190 1
1027 3
2622 1
2400 1
2484 2
2352 1
2091 1
1729 2
1660 1
2121 2
2066 3
2453 2
1250 1
1742 1
1674 1
1340 1
1857 3
2085 1
2277 2
1793 1
1161 1
1457 3
1605 1
1030 1
1254 2
2075 2
2067 2
2686 2
1553 2
2501 1
1490 1
1513 1
2940 2
2334 2
1496 3
1292 3
1604 2
1865 3
1596 3
2183 2
2964 1
2391 2
1564 3
2356 1
2373 3
2929 1
2579 1
2677 3
1297 3
2831 2
2838 3
1113 1
2904 1
1627 3
2237 1
2338 3
2327 2
2441 3
1165 3
2972 1
1981 1
1498 2
2181 2
1551 2
1662 2
2384 2
1880 3
2350 3
1016 1
1196 2
1937 3
2515 1
2953 1
1120 2
1681 1
1271 3
1950 2
1038 2
1107 2
1142 3
2817 2
2270 3
2111 1
1117 2
2841 1
2449 1
2975 1
1186 2
2736 2
2934 1
2729 1
1096 1
2461 1
1281 2
2680 3
2065 2
1040 3
2858 2
1551 3
1679 1
1078 2
1128 1
1406 1
1368 2
2533 3
2987 2
2562 3
2647 3
2386 3
1623 2
1942 2
2342 1
1362 3
2002 3
2163 1
2801 3
2127 2
2728 1
2006 3
1702 2
1869 1
2621 1
1427 1
1937 1
1758 3
1942 3
2011 1
2430 1
2422 3
2460 3
1764 1
2478 1
1650 3
2764 2
1149 1
1739 3
2798 3
2344 1
2922 3
1841 3
2321 1
1412 2
2080 3
2140 3
1498 1
2485 3
2454 1
1919 3
2334 1
1607 1
2924 3
1060 3
2604 3
2579 3
2732 1
1419 3
1765 3
2274 3
2665 2
1301 2
1201 1
1364 2
2315 1
1323 1
2586 3
1826 2
2541 1
2601 3
1156 2
1142 3
2443 3
2516 3
2480 1
2258 3
2507 3
1644 2
2011 3
1252 1
2985 1
2203 3
1208 2
2534 2
2923 2
2644 3
1573 3
1164 1
2922 3
2962 3
2185 3
2810 3
1947 2
1548 1
2506 1
1991 2
2622 2
1580 3
1873 1
2836 2
1401 3
1946 2
1523 3
2730 3
1099 3
1620 3
1778 3
1787 1
1372 1
2048 3
1635 2
1302 1
2383 2
2156 2
2923 1
2193 1
1929 2
1970 1
2428 2
2362 1
1414 1
1537 2
2168 2
1601 1
2698 2
1166 2
1945 2
1975 3
1398 1
2527 3
1895 1
1476 2
1443 3
1486 2
2652 1
1375 1
2428 1
2726 2
2212 1
1551 2
1778 3
1260 2
2704 2
1656 1
2771 2
2686 3
2963 2
2737 1
1393 2
2406 1
1801 2
2018 3
2547 3
1187 2
2472 1
1519 3
2102 2
2007 2
2767 2
2568 1
2157 2
2589 2
1542 3
1304 2
1435 3
1530 3
1250 2
2535 2
2013 3
1373 1
1665 1
2197 2
2805 1
1077 1
1678 2
2935 3
1675 1
2531 2
1678 3
1150 3
1839 2
2031 3
2811 2
2092 3
1411 1
1747 1
2537 1
2108 2
2028 2
2149 3
2467 2
1105 3
1492 3
1351 2
1852 3
2931 3
2733 2
2623 2
1467 2
1425 3
2803 3
1668 1
1407 3
1979 1
1568 1
1763 1
2176 3
2216 2
2360 3
2277 3
1742 3
2974 1
2035 1
1369 3
2900 1
1130 1
2227 3
1933 1
1681 1
2426 1
2936 2
1965 2
1689 2
1957 1
1445 1
1958 3
1500 1
2173 1
1661 3
2222 3
2439 1
2049 3
2125 1
1395 2
1007 3
2336 3
1172 1
1125 2
2871 3
1910 1
2895 2
2505 2
1433 3
2847 1
2054 1
1228 3
1380 3
2897 3
2323 1
1482 1
2378 1
2422 2
1633 3
2688 1
2995 3
2747 1
2072 3
2629 2
1356 3
2039 3
2645 2
2098 3
2696 2
1708 3
2831 1
1024 2
1183 2
2391 2
2412 1
2055 3
1285 3
1637 2
1058 2
1453 3
2254 3
2089 3
2496 1
2767 2
2642 1
2464 2
2769 3
2214 1
1528 2
1865 3
2026 1
2871 2
2492 2
2566 1
1632 3
1453 2
2422 1
1834 2
1677 1
2713 2
2781 2
1599 1
1395 2
1494 2
1384 1
1515 3
1725 1
2339 3
1550 2
1527 3
2504 1
2775 3
1634 2
2386 2
1642 3
2627 2
2548 1
2054 1
2885 2
1912 3
2190 3
2895 1
1600 3
2404 2
1783 3
2515 2
1992 2
2023 1
1809 2
1476 3
2517 3
2284 1
1839 2
1101 2
2994 3
2682 2
2057 3
1069 1
2113 1
1815 2
1528 1
1039 1
2440 3
2398 1
2520 1
1048 2
1896 2
1581 3
2471 1
1446 1
1437 1
1852 3
1389 3
1145 1
1578 3
2595 2
2314 2
1361 2
2841 3
2671 3
2223 3
2612 1
2683 2
1345 3
1189 1
1379 2
1979 2
1004 1
1906 1
1964 1
1788 3
2392 3
2429 1
2386 2
1490 2
1514 2
2782 3
1730 1
2462 2
1974 2
1465 2
1294 1
1626 3
1778 1
2667 3
1439 1
1410 2
2366 3
1620 2
1642 1
1169 1
1860 2
1104 1
1542 2
1508 1
1859 3
1557 2
2969 3
2011 3
2577 1
1506 3
1686 2
1440 3
1402 2
1496 1
2452 2
2777 3
2072 3
1761 2
2913 3
2520 3
1162 2
1253 1
1589 2
2934 1
2639 2
1021 2
1606 3
2492 1
1283 1
1545 1
2794 3
1194 2
1435 1
1087 1
2927 2
2484 1
2095 3
1671 2
1779 2
2660 1
1328 2
1424 2
2362 3
1817 1
1089 3
1387 3
2514 1
2962 1
1841 1
2077 3
2456 1
1825 2
2475 1
1088 2
